9.999999999999999547e-07 2.187557338594540823e+01
1.011587778982400784e-06 2.187781843377349489e+01
1.023309834586544378e-06 2.188006371200650335e+01
1.035167722780250401e-06 2.188230922066808048e+01
1.047163017561543139e-06 2.188455495978186960e+01
1.059297311167588065e-06 2.188680092937152466e+01
1.071572214286049422e-06 2.188904712946070319e+01
1.083989356268877957e-06 2.189129356007305205e+01
1.096550385348594427e-06 2.189354022123223587e+01
1.109256968857080327e-06 2.189578711296191571e+01
1.122110793446883888e-06 2.189803423528574911e+01
1.135113565315110569e-06 2.190028158822740423e+01
1.148267010429906971e-06 2.190252917181054926e+01
1.161572874759550843e-06 2.190477698605885948e+01
1.175032924504214123e-06 2.190702503099599596e+01
1.188648946330412976e-06 2.190927330664564465e+01
1.202422747608153300e-06 2.191152181303147728e+01
1.216356156650845187e-06 2.191377055017717623e+01
1.230451022957997557e-06 2.191601951810642745e+01
1.244709217460703760e-06 2.191826871684290623e+01
1.259132632769992910e-06 2.192051814641030916e+01
1.273723183428060069e-06 2.192276780683231863e+01
1.288482806162384390e-06 2.192501769813263124e+01
1.303413460142814838e-06 2.192726782033494359e+01
1.318517127241636197e-06 2.192951817346294519e+01
1.333795812296622144e-06 2.193176875754034327e+01
1.349251543377164528e-06 2.193401957259083801e+01
1.364886372053482252e-06 2.193627061863812955e+01
1.380702373668926060e-06 2.193852189570592870e+01
1.396701647615477696e-06 2.194077340381793917e+01
1.412886317612400879e-06 2.194302514299788243e+01
1.429258531988148471e-06 2.194527711326946573e+01
1.445820463965537725e-06 2.194752931465640700e+01
1.462574311950202481e-06 2.194978174718242059e+01
1.479522299822415289e-06 2.195203441087123863e+01
1.496666677232290882e-06 2.195428730574657195e+01
1.514009719898382866e-06 2.195654043183215620e+01
1.531553729909768708e-06 2.195879378915171642e+01
1.549301036031634651e-06 2.196104737772898474e+01
1.567253994014373717e-06 2.196330119758769683e+01
1.585414986906293954e-06 2.196555524875158127e+01
1.603786425369949890e-06 2.196780953124438440e+01
1.622370748002111549e-06 2.197006404508984545e+01
1.641170421657468896e-06 2.197231879031170365e+01
1.660187941776089055e-06 2.197457376693370534e+01
1.679425832714637323e-06 2.197682897497960752e+01
1.698886648081465516e-06 2.197908441447314942e+01
1.718572971075585243e-06 2.198134008543808804e+01
1.738487414829536887e-06 2.198359598789818037e+01
1.758632622756263362e-06 2.198585212187717985e+01
1.779011268900002616e-06 2.198810848739885415e+01
1.799626058291216250e-06 2.199036508448696381e+01
1.820479727305660332e-06 2.199262191316526582e+01
1.841575044027619599e-06 2.199487897345754206e+01
1.862914808617316680e-06 2.199713626538754951e+01
1.884501853682611748e-06 2.199939378897906650e+01
1.906339044655010402e-06 2.200165154425587133e+01
1.928429280169993530e-06 2.200390953124173521e+01
1.950775492451789647e-06 2.200616774996044001e+01
1.973380647702605171e-06 2.200842620043577114e+01
1.996247746496329783e-06 2.201068488269151047e+01
2.019379824176840751e-06 2.201294379675144341e+01
2.042779951260921260e-06 2.201520294263935895e+01
2.066451233845812430e-06 2.201746232037905315e+01
2.090396814021522698e-06 2.201972192999432210e+01
2.114619870287919122e-06 2.202198177150895830e+01
2.139123617976608657e-06 2.202424184494676496e+01
2.163911309677750437e-06 2.202650215033153813e+01
2.188986235671813875e-06 2.202876268768708812e+01
2.214351724366296148e-06 2.203102345703721809e+01
2.240011142737546440e-06 2.203328445840573835e+01
2.265967896777704146e-06 2.203554569181645917e+01
2.292225431946779417e-06 2.203780715729319439e+01
2.318787233630012407e-06 2.204006885485976497e+01
2.345656827600529451e-06 2.204233078453998473e+01
2.372837780487319023e-06 2.204459294635767819e+01
2.400333700248696473e-06 2.204685534033666983e+01
2.428148236651186385e-06 2.204911796650077704e+01
2.456285081754006790e-06 2.205138082487384210e+01
2.484747970399135325e-06 2.205364391547968950e+01
2.513540680707089471e-06 2.205590723834215083e+01
2.542667034578391238e-06 2.205817079348506482e+01
2.572130898200922110e-06 2.206043458093226661e+01
2.601936182563078054e-06 2.206269860070760558e+01
2.632086843972925326e-06 2.206496285283491687e+01
2.662586884583368526e-06 2.206722733733804986e+01
2.693440352923359684e-06 2.206949205424085036e+01
2.724651344435309330e-06 2.207175700356716774e+01
2.756224002018727057e-06 2.207402218534086558e+01
2.788162516580108111e-06 2.207628759958578613e+01
2.820471127589247273e-06 2.207855324632579652e+01
2.853154123641993987e-06 2.208081912558475324e+01
2.886215843029483074e-06 2.208308523738651630e+01
2.919660674314006168e-06 2.208535158175495994e+01
2.953493056911564133e-06 2.208761815871394418e+01
2.987717481681110617e-06 2.208988496828734682e+01
3.022338491520680287e-06 2.209215201049903143e+01
3.057360681970424191e-06 2.209441928537287936e+01
3.092788701822579789e-06 2.209668679293276483e+01
3.128627253738559862e-06 2.209895453320257275e+01
3.164881094873197583e-06 2.210122250620618090e+01
3.201555037506166804e-06 2.210349071196747772e+01
3.238653949680773652e-06 2.210575915051034457e+01
3.276182755850153721e-06 2.210802782185868054e+01
3.314146437530898182e-06 2.211029672603637408e+01
3.352550033964309954e-06 2.211256586306731364e+01
3.391398642785328918e-06 2.211483523297540899e+01
3.430697420699139294e-06 2.211710483578455211e+01
3.470451584165686188e-06 2.211937467151863856e+01
3.510666410092120792e-06 2.212164474020158877e+01
3.551347236533206843e-06 2.212391504185730184e+01
3.592499463399906038e-06 2.212618557650968398e+01
3.634128553176177549e-06 2.212845634418264851e+01
3.676240031644014928e-06 2.213072734490011584e+01
3.718839488616952503e-06 2.213299857868599219e+01
3.761932578682070050e-06 2.213527004556420863e+01
3.805525021950530899e-06 2.213754174555868204e+01
3.849622604816881751e-06 2.213981367869333639e+01
3.894231180727153165e-06 2.214208584499209920e+01
3.939356670955793330e-06 2.214435824447889445e+01
3.985005065391667207e-06 2.214663087717766388e+01
4.031182423333173552e-06 2.214890374311233145e+01
4.077894874292488306e-06 2.215117684230683892e+01
4.125148618809254933e-06 2.215345017478512446e+01
4.172949929273572645e-06 2.215572374057113336e+01
4.221305150758619623e-06 2.215799753968880381e+01
4.270220701862872278e-06 2.216027157216208465e+01
4.319703075562131456e-06 2.216254583801492117e+01
4.369758840071333570e-06 2.216482033727126932e+01
4.420394639716471916e-06 2.216709506995508150e+01
4.471617195816495190e-06 2.216937003609031720e+01
4.523433307575519480e-06 2.217164523570092882e+01
4.575849852985325775e-06 2.217392066881087587e+01
4.628873789738370853e-06 2.217619633544413205e+01
4.682512156151277654e-06 2.217847223562465686e+01
4.736772072099163446e-06 2.218074836937641692e+01
4.791660739960656694e-06 2.218302473672338948e+01
4.847185445573968560e-06 2.218530133768954471e+01
4.903353559203979215e-06 2.218757817229885276e+01
4.960172536520603251e-06 2.218985524057530512e+01
5.017649919588368102e-06 2.219213254254286838e+01
5.075793337867618852e-06 2.219441007822553402e+01
5.134610509227171528e-06 2.219668784764728642e+01
5.194109240968797762e-06 2.219896585083211349e+01
5.254297430863589080e-06 2.220124408780400671e+01
5.315183068200233021e-06 2.220352255858696111e+01
5.376774234845525490e-06 2.220580126320496461e+01
5.439079106317182032e-06 2.220808020168201935e+01
5.502105952868979365e-06 2.221035937404213101e+01
5.565863140588565985e-06 2.221263878030929462e+01
5.630359132507996894e-06 2.221491842050751941e+01
5.695602489727041595e-06 2.221719829466081464e+01
5.761601872549598218e-06 2.221947840279318953e+01
5.828366041633290029e-06 2.222175874492865333e+01
5.895903859152266325e-06 2.222403932109122593e+01
5.964224289973594831e-06 2.222632013130492368e+01
6.033336402847274375e-06 2.222860117559376647e+01
6.103249371609941559e-06 2.223088245398177776e+01
6.173972476402622067e-06 2.223316396649298099e+01
6.245515104902601179e-06 2.223544571315140672e+01
6.317886753569458361e-06 2.223772769398108196e+01
6.391097028905645417e-06 2.224000990900603725e+01
6.465155648731682730e-06 2.224229235825031381e+01
6.540072443476004941e-06 2.224457504173794931e+01
6.615857357479881273e-06 2.224685795949297429e+01
6.692520450317448620e-06 2.224914111153944063e+01
6.770071898130924303e-06 2.225142449790139310e+01
6.848521994981414411e-06 2.225370811860286935e+01
6.927881154215369368e-06 2.225599197366793192e+01
7.008159909846756209e-06 2.225827606312062201e+01
7.089368917955367669e-06 2.226056038698499862e+01
7.171518958101336715e-06 2.226284494528512781e+01
7.254620934755912412e-06 2.226512973804505435e+01
7.338685878748946057e-06 2.226741476528884434e+01
7.423724948733154491e-06 2.226970002704057094e+01
7.509749432665193635e-06 2.227198552332429315e+01
7.596770749304127531e-06 2.227427125416408416e+01
7.684800449727032022e-06 2.227655721958401358e+01
7.773850218862322589e-06 2.227884341960815817e+01
7.863931877040770781e-06 2.228112985426059112e+01
7.955057381564575153e-06 2.228341652356539626e+01
8.047238828294444359e-06 2.228570342754665390e+01
8.140488453255315812e-06 2.228799056622844788e+01
8.234818634260422779e-06 2.229027793963486914e+01
8.330241892554389219e-06 2.229256554778999799e+01
8.426770894475227013e-06 2.229485339071793248e+01
8.524418453135733630e-06 2.229714146844276712e+01
8.623197530124153024e-06 2.229942978098859996e+01
8.723121237224814643e-06 2.230171832837952550e+01
8.824202838158462568e-06 2.230400711063964891e+01
8.926455750342898203e-06 2.230629612779306825e+01
9.029893546674053388e-06 2.230858537986390289e+01
9.134529957327519365e-06 2.231087486687625088e+01
9.240378871581129595e-06 2.231316458885422449e+01
9.347454339658659104e-06 2.231545454582194310e+01
9.455770574594706430e-06 2.231774473780351897e+01
9.565341954121378196e-06 2.232003516482307504e+01
9.676183022576822056e-06 2.232232582690473066e+01
9.788308492835701177e-06 2.232461672407260878e+01
9.901733248262218433e-06 2.232690785635083586e+01
1.001647234468576994e-05 2.232919922376353838e+01
1.013254101239931937e-05 2.233149082633485705e+01
1.024995465818109286e-05 2.233378266408891832e+01
1.036872886733972473e-05 2.233607473704985935e+01
1.048887940578289668e-05 2.233836704524182082e+01
1.061042222211014268e-05 2.234065958868893986e+01
1.073337344972990793e-05 2.234295236741536428e+01
1.085774940900094636e-05 2.234524538144523831e+01
1.098356660939872092e-05 2.234753863080271330e+01
1.111084175170690991e-05 2.234983211551194060e+01
1.123959173023411927e-05 2.235212583559706800e+01
1.136983363505647010e-05 2.235441979108225752e+01
1.150158475428616975e-05 2.235671398199166404e+01
1.163486257636618840e-05 2.235900840834945313e+01
1.176968479239170196e-05 2.236130307017978680e+01
1.190606929845846043e-05 2.236359796750683060e+01
1.204403419803812069e-05 2.236589310035475009e+01
1.218359780438146361e-05 2.236818846874772149e+01
1.232477864294909910e-05 2.237048407270991390e+01
1.246759545387060607e-05 2.237277991226550711e+01
1.261206719443201912e-05 2.237507598743867732e+01
1.275821304159228384e-05 2.237737229825360430e+01
1.290605239452861281e-05 2.237966884473447493e+01
1.305560487721169450e-05 2.238196562690547253e+01
1.320689034101037714e-05 2.238426264479078753e+01
1.335992886732680859e-05 2.238655989841460681e+01
1.351474077026196087e-05 2.238885738780113144e+01
1.367134659931219689e-05 2.239115511297454830e+01
1.382976714209679612e-05 2.239345307395906204e+01
1.399002342711748120e-05 2.239575127077887018e+01
1.415213672654952874e-05 2.239804970345818091e+01
1.431612855906550103e-05 2.240034837202119178e+01
1.448202069269155803e-05 2.240264727649212162e+01
1.464983514769702217e-05 2.240494641689516797e+01
1.481959419951711296e-05 2.240724579325455323e+01
1.499132038170998478e-05 2.240954540559449626e+01
1.516503648894760019e-05 2.241184525393920524e+01
1.534076558004156710e-05 2.241414533831290967e+01
1.551853098100387877e-05 2.241644565873982842e+01
1.569835628814329357e-05 2.241874621524418387e+01
1.588026537119724611e-05 2.242104700785021265e+01
1.606428237650055338e-05 2.242334803658213715e+01
1.625043173019031644e-05 2.242564930146419755e+01
1.643873814144835573e-05 2.242795080252062689e+01
1.662922660578098705e-05 2.243025253977565825e+01
1.682192240833703590e-05 2.243255451325354244e+01
1.701685112726390405e-05 2.243485672297851252e+01
1.721403863710305694e-05 2.243715916897481932e+01
1.741351111222431538e-05 2.243946185126671011e+01
1.761529503030035080e-05 2.244176476987843571e+01
1.781941717582121809e-05 2.244406792483424695e+01
1.802590464364983063e-05 2.244637131615840175e+01
1.823478484261823851e-05 2.244867494387515805e+01
1.844608549916612974e-05 2.245097880800877732e+01
1.865983466102093770e-05 2.245328290858351750e+01
1.887606070092095071e-05 2.245558724562365072e+01
1.909479232038160338e-05 2.245789181915344201e+01
1.931605855350502764e-05 2.246019662919715998e+01
1.953988877083411699e-05 2.246250167577908030e+01
1.976631268325123624e-05 2.246480695892347512e+01
1.999536034592177985e-05 2.246711247865462724e+01
2.022706216228374124e-05 2.246941823499681234e+01
2.046144888808356380e-05 2.247172422797431679e+01
2.069855163545832478e-05 2.247403045761142693e+01
2.093840187706582723e-05 2.247633692393242555e+01
2.118103145026195309e-05 2.247864362696160967e+01
2.142647256132686626e-05 2.248095056672326564e+01
2.167475778973995408e-05 2.248325774324169046e+01
2.192592009250453013e-05 2.248556515654118471e+01
2.217999280852220724e-05 2.248787280664604893e+01
2.243700966301860050e-05 2.249018069358058369e+01
2.269700477201965250e-05 2.249248881736909667e+01
2.296001264688031192e-05 2.249479717803589196e+01
2.322606819886544014e-05 2.249710577560528435e+01
2.349520674378406066e-05 2.249941461010158150e+01
2.376746400667679537e-05 2.250172368154910529e+01
2.404287612655833090e-05 2.250403298997216694e+01
2.432147966121412887e-05 2.250634253539509189e+01
2.460331159205323358e-05 2.250865231784220200e+01
2.488840932901703455e-05 2.251096233733781915e+01
2.517681071554520725e-05 2.251327259390627233e+01
2.546855403359863206e-05 2.251558308757189764e+01
2.576367800874130394e-05 2.251789381835902049e+01
2.606222181528033841e-05 2.252020478629198053e+01
2.636422508146611012e-05 2.252251599139511384e+01
2.666972789475235454e-05 2.252482743369276008e+01
2.697877080711751357e-05 2.252713911320926599e+01
2.729139484044718262e-05 2.252945102996896765e+01
2.760764149197971601e-05 2.253176318399622602e+01
2.792755273981413318e-05 2.253407557531538430e+01
2.825117104848244354e-05 2.253638820395079279e+01
2.857853937458619672e-05 2.253870106992680888e+01
2.890970117249874228e-05 2.254101417326779355e+01
2.924470040013284981e-05 2.254332751399810419e+01
2.958358152477611879e-05 2.254564109214210177e+01
2.992638952899305679e-05 2.254795490772415434e+01
3.027316991659626189e-05 2.255026896076863352e+01
3.062396871868638428e-05 2.255258325129990382e+01
3.097883249976247282e-05 2.255489777934233686e+01
3.133780836390247633e-05 2.255721254492031136e+01
3.170094396101620345e-05 2.255952754805820604e+01
3.206828749316993464e-05 2.256184278878039962e+01
3.243988772098480749e-05 2.256415826711127437e+01
3.281579397010947653e-05 2.256647398307521613e+01
3.319605613776710875e-05 2.256878993669661071e+01
3.358072469937884916e-05 2.257110612799985461e+01
3.396985071526410218e-05 2.257342255700933364e+01
3.436348583741773030e-05 2.257573922374944786e+01
3.476168231636651477e-05 2.257805612824459018e+01
3.516449300810500013e-05 2.258037327051916776e+01
3.557197138111110228e-05 2.258269065059757708e+01
3.598417152344362787e-05 2.258500826850422882e+01
3.640114814992209148e-05 2.258732612426352304e+01
3.682295660938902031e-05 2.258964421789988108e+01
3.724965289205707725e-05 2.259196254943770654e+01
3.768129363694138200e-05 2.259428111890142077e+01
3.811793613937712496e-05 2.259659992631543801e+01
3.855963835862548947e-05 2.259891897170417607e+01
3.900645892556654727e-05 2.260123825509206696e+01
3.945845715048210898e-05 2.260355777650352849e+01
3.991569303092834645e-05 2.260587753596298910e+01
4.037822725970009795e-05 2.260819753349488437e+01
4.084612123288657167e-05 2.261051776912363920e+01
4.131943705802160514e-05 2.261283824287369626e+01
4.179823756232717958e-05 2.261515895476949112e+01
4.228258630105331313e-05 2.261747990483546289e+01
4.277254756591411592e-05 2.261980109309605425e+01
4.326818639362215531e-05 2.262212251957571141e+01
4.376956857452067698e-05 2.262444418429888415e+01
4.427676066131726009e-05 2.262676608729001870e+01
4.478982997791725956e-05 2.262908822857357194e+01
4.530884462836067456e-05 2.263141060817400074e+01
4.583387350586196188e-05 2.263373322611576199e+01
4.636498630195520678e-05 2.263605608242330902e+01
4.690225351574421066e-05 2.263837917712111647e+01
4.744574646326118187e-05 2.264070251023363767e+01
4.799553728693247800e-05 2.264302608178535081e+01
4.855169896515502487e-05 2.264534989180072344e+01
4.911430532198319534e-05 2.264767394030422665e+01
4.968343103692849267e-05 2.264999822732033508e+01
5.025915165487166553e-05 2.265232275287353048e+01
5.084154359609128001e-05 2.265464751698829460e+01
5.143068416640687813e-05 2.265697251968910564e+01
5.202665156744086332e-05 2.265929776100045245e+01
5.262952490699863848e-05 2.266162324094682035e+01
5.323938420956969352e-05 2.266394895955270172e+01
5.385631042694919530e-05 2.266627491684259255e+01
5.448038544898424712e-05 2.266860111284098167e+01
5.511169211444308331e-05 2.267092754757237572e+01
5.575031422201137291e-05 2.267325422106126709e+01
5.639633654141532081e-05 2.267558113333216596e+01
5.704984482467433105e-05 2.267790828440957185e+01
5.771092581748279857e-05 2.268023567431800203e+01
5.837966727072552218e-05 2.268256330308195601e+01
5.905615795212478024e-05 2.268489117072595462e+01
5.974048765802363639e-05 2.268721927727451160e+01
6.043274722530565145e-05 2.268954762275214421e+01
6.113302854345179437e-05 2.269187620718337328e+01
6.184142456673798768e-05 2.269420503059272320e+01
6.255802932657414817e-05 2.269653409300472546e+01
6.328293794398503439e-05 2.269886339444389733e+01
6.401624664223679062e-05 2.270119293493477741e+01
6.475805275960989200e-05 2.270352271450189363e+01
6.550845476231889066e-05 2.270585273316979169e+01
6.626755225758310987e-05 2.270818299096299597e+01
6.703544600684867923e-05 2.271051348790605928e+01
6.781223793916269708e-05 2.271284422402352021e+01
6.859803116470355859e-05 2.271517519933992801e+01
6.939292998846797816e-05 2.271750641387982483e+01
7.019703992411541096e-05 2.271983786766776348e+01
7.101046770797483367e-05 2.272216956072830385e+01
7.183332131321174322e-05 2.272450149308599521e+01
7.266570996416102488e-05 2.272683366476540101e+01
7.350774415082480888e-05 2.272916607579107762e+01
7.435953564353943543e-05 2.273149872618759204e+01
7.522119750781056590e-05 2.273383161597950775e+01
7.609284411932259312e-05 2.273616474519139885e+01
7.697459117911958600e-05 2.273849811384782882e+01
7.786655572896388064e-05 2.274083172197338243e+01
7.876885616687173523e-05 2.274316556959261959e+01
7.968161226282996544e-05 2.274549965673013574e+01
8.060494517469282835e-05 2.274783398341050145e+01
8.153897746426570087e-05 2.275016854965830149e+01
8.248383311357257116e-05 2.275250335549815262e+01
8.343963754131388877e-05 2.275483840095522581e+01
8.440651761951408242e-05 2.275717368606894908e+01
8.538460169036313642e-05 2.275950921115833836e+01
8.637401958325120928e-05 2.276184498094189124e+01
8.737490263200347739e-05 2.276418105536572867e+01
8.838738369231192396e-05 2.276651804519987721e+01
8.941159715937109357e-05 2.276886090075662850e+01
9.044767898571716164e-05 2.277124134945087519e+01
9.149576669927477781e-05 2.277381884705253867e+01
9.255599942161110022e-05 2.277721362682704509e+01
9.362851788640394631e-05 2.278325137707100723e+01
9.471346445812134937e-05 2.279582235908623744e+01
9.581098315091952770e-05 2.282027896684650514e+01
9.692121964775871057e-05 2.285921440484343137e+01
9.804432131974165940e-05 2.290585383757768767e+01
9.918043724567411146e-05 2.294247689040951954e+01
1.003297182318548577e-04 2.295030502991340882e+01
1.014923168320920258e-04 2.292433289073451874e+01
1.026683873679541063e-04 2.287765670665878659e+01
1.038580859492533643e-04 2.283080302307846665e+01
1.050615704947683855e-04 2.279811711207243263e+01
1.062790007532056881e-04 2.278272036031174608e+01
1.075105383244041293e-04 2.277958553214084958e+01
1.087563466807861431e-04 2.278119957768814174e+01
1.100165911890564477e-04 2.278249432198449753e+01
1.112914391321522607e-04 2.278295243265175785e+01
1.125810597314488300e-04 2.278464368831260956e+01
1.138856241692213247e-04 2.278835049975257832e+01
1.152053056113669073e-04 2.279219061041441208e+01
1.165402792303912426e-04 2.279411428167580311e+01
1.178907222286602842e-04 2.279468728469252881e+01
1.192568138619214845e-04 2.279631825794720967e+01
1.206387354630986179e-04 2.279997380167545984e+01
1.220366704663613258e-04 2.280385952273866579e+01
1.234508044314734654e-04 2.280586724778721219e+01
1.248813250684248409e-04 2.280644998252433098e+01
1.263284222623470916e-04 2.280800472289239167e+01
1.277922880987184375e-04 2.281160367198863881e+01
1.292731168888615529e-04 2.281553126798252151e+01
1.307711051957355982e-04 2.281762387630139344e+01
1.322864518600280596e-04 2.281822038637318784e+01
1.338193580265479438e-04 2.281970061962042706e+01
1.353700271709262076e-04 2.282324002653145811e+01
1.369386651266244815e-04 2.282720589759512464e+01
1.385254801122566656e-04 2.282938404679774180e+01
1.401306827592283064e-04 2.282999835236937258e+01
1.417544861396951618e-04 2.283140597994844612e+01
1.433971057948455906e-04 2.283488303356580573e+01
1.450587597635120518e-04 2.283888349100094217e+01
1.467396686111127971e-04 2.284114764576444401e+01
1.484400554589289617e-04 2.284178373299982923e+01
1.501601460137222030e-04 2.284312082779335995e+01
1.519001685976942425e-04 2.284653286004916595e+01
1.536603541787935688e-04 2.285056413469709824e+01
1.554409364013746965e-04 2.285291456549932221e+01
1.572421516172112547e-04 2.285357637737679681e+01
1.590642389168684875e-04 2.285484517911271851e+01
1.609074401614407797e-04 2.285818967125688417e+01
1.627720000146554516e-04 2.286224792206922629e+01
1.646581659753484363e-04 2.286468470437003475e+01
1.665661884103180723e-04 2.286537613158797200e+01
1.684963205875577696e-04 2.286657904186698431e+01
1.704488187098739485e-04 2.286985363040794539e+01
1.724239419488951032e-04 2.287393495319138381e+01
1.744219524794732117e-04 2.287645796706061319e+01
1.764431155144839691e-04 2.287718283905395822e+01
1.784876993400318350e-04 2.287832241600009908e+01
1.805559753510611420e-04 2.288152489829512248e+01
1.826482180873810436e-04 2.288562533461037063e+01
1.847647052701067690e-04 2.288823426480370316e+01
1.869057178385249908e-04 2.288899634089220569e+01
1.890715399873847691e-04 2.289007529343851388e+01
1.912624592046205494e-04 2.289320363292027238e+01
1.934787663095139385e-04 2.289731917911499082e+01
1.957207554912961534e-04 2.290001351559805443e+01
1.979887243481975954e-04 2.290081647628662864e+01
2.002829739269517859e-04 2.290183765810857608e+01
2.026038087627552375e-04 2.290488998913571095e+01
2.049515369196904403e-04 2.290901660549075913e+01
2.073264700316189597e-04 2.291179564441073779e+01
2.097289233435467039e-04 2.291264308286197604e+01
2.121592157534683810e-04 2.291360948597241531e+01
2.146176698546988176e-04 2.291658411829236996e+01
2.171046119786929280e-04 2.292071773826058134e+01
2.196203722383616771e-04 2.292358058336349913e+01
2.221652845718921989e-04 2.292447599706220274e+01
2.247396867870734508e-04 2.292539074508207264e+01
2.273439206061358064e-04 2.292828616789570617e+01
2.299783317111119333e-04 2.293242270741199818e+01
2.326432697897215572e-04 2.293536827190298766e+01
2.353390885817876479e-04 2.293631505453191366e+01
2.380661459261928083e-04 2.293718139565191905e+01
2.408248038083772504e-04 2.293999628127003376e+01
2.436154284083887653e-04 2.294413164811158623e+01
2.464383901494877774e-04 2.294715865695429002e+01
2.492940637473184612e-04 2.294816009050001782e+01
2.521828282596468951e-04 2.294898139014916438e+01
2.551050671366762008e-04 2.295171459723210816e+01
2.580611682719462577e-04 2.295584470040723701e+01
2.610515240538217050e-04 2.295895169305749306e+01
2.640765314175759840e-04 2.296001094016473232e+01
2.671365918980816122e-04 2.296079067340222224e+01
2.702321116831083695e-04 2.296344124977476397e+01
2.733635016672393710e-04 2.296756200891882571e+01
2.765311775064142430e-04 2.297074734248689154e+01
2.797355596731015688e-04 2.297186743907901629e+01
2.829770735121113945e-04 2.297260918272677088e+01
2.862561492970560327e-04 2.297517636776124661e+01
2.895732222874634475e-04 2.297928372251816498e+01
2.929287327865518951e-04 2.298254557535264198e+01
2.963231261996768771e-04 2.298372942353563175e+01
2.997568530934527939e-04 2.298443684806922960e+01
3.032303692555593792e-04 2.298692007463106890e+01
3.067441357552442476e-04 2.299100999399878731e+01
3.102986190045235585e-04 2.299434636968445034e+01
3.138942908200918584e-04 2.299559673095079759e+01
3.175316284859522114e-04 2.299627359216722766e+01
3.212111148167688971e-04 2.299867248811796117e+01
3.249332382219561732e-04 2.300274097973639797e+01
3.286984927705076560e-04 2.300614971149727950e+01
3.325073782565801986e-04 2.300746920024574393e+01
3.363604002658349742e-04 2.300811933072692383e+01
3.402580702425469887e-04 2.301043371998070342e+01
3.442009055574954900e-04 2.301447683934078015e+01
3.481894295766379296e-04 2.301795559483874243e+01
3.522241717305798917e-04 2.301934667222512232e+01
3.563056675848526441e-04 2.301997397261654754e+01
3.604344589110027031e-04 2.302220387574734062e+01
3.646110937585042523e-04 2.302621773529986982e+01
3.688361265275088381e-04 2.302976402181812787e+01
3.731101180424343990e-04 2.303122898995151502e+01
3.774336356264071835e-04 2.303183742007593082e+01
3.818072531765696193e-04 2.303398305447349514e+01
3.862315512402572258e-04 2.303796383261687097e+01
3.907071170920587712e-04 2.304157500261701230e+01
3.952345448117720894e-04 2.304311599911510910e+01
3.998144353632607055e-04 2.304370956894144129e+01
4.044473966742231441e-04 2.304577134851528086e+01
4.091340437168909639e-04 2.304971529844121747e+01
4.138749985896582307e-04 2.305338855548128763e+01
4.186708905996561984e-04 2.305500754839773592e+01
4.235223563462894598e-04 2.305559030888585426e+01
4.284300398057354115e-04 2.305756884331738021e+01
4.333945924164254635e-04 2.306147230169418094e+01
4.384166731655142284e-04 2.306520470669477163e+01
4.434969486763551752e-04 2.306690348983036998e+01
4.486360932969858922e-04 2.306747952367264887e+01
4.538347891896386799e-04 2.306937561721676744e+01
4.590937264212921953e-04 2.307323501269007338e+01
4.644136030552688623e-04 2.307702349053428392e+01
4.697951252438932837e-04 2.307880367914332354e+01
4.752390073222282946e-04 2.307937709142412785e+01
4.807459719028938641e-04 2.308119174126262152e+01
4.863167499719835336e-04 2.308500360275381169e+01
4.919520809860978552e-04 2.308884494920636854e+01
4.976527129704968891e-04 2.309070797610831960e+01
5.034194026183906254e-04 2.309128288490276049e+01
5.092529153913842978e-04 2.309301727905268464e+01
5.151540256210828186e-04 2.309677824383577160e+01
5.211235166118734696e-04 2.310066913276578049e+01
5.271621807449027334e-04 2.310261624487161569e+01
5.332708195832551804e-04 2.310319677180512343e+01
5.394502439783490462e-04 2.310485228658673407e+01
5.457012741775718124e-04 2.310855910812477632e+01
5.520247399331560051e-04 2.311249609901584279e+01
5.584214806123180899e-04 2.311452835427740382e+01
5.648923453086780256e-04 2.311511861506777166e+01
5.714381929549644653e-04 2.311669681213720651e+01
5.780598924370291321e-04 2.312034636766018991e+01
5.847583227091791500e-04 2.312432591339098664e+01
5.915343729108519426e-04 2.312644417818079390e+01
5.983889424846359530e-04 2.312704827318438205e+01
6.053229412956598419e-04 2.312855089613757187e+01
6.123372897523700082e-04 2.313214019394385446e+01
6.194329189287028263e-04 2.313615864882158135e+01
6.266107706876713340e-04 2.313836359574959189e+01
6.338717978063913069e-04 2.313898560053335984e+01
6.412169641025487797e-04 2.314041457108851318e+01
6.486472445623344936e-04 2.314394075755294011e+01
6.561636254698654342e-04 2.314799438558151934e+01
6.637671045381010517e-04 2.315028649175418352e+01
6.714586910412759539e-04 2.315093044771528241e+01
6.792394059488736846e-04 2.315228786148233198e+01
6.871102820611464657e-04 2.315574822775444375e+01
6.950723641462054061e-04 2.315983321111873394e+01
7.031267090787056808e-04 2.316221275684490166e+01
7.112743859801325336e-04 2.316288266189932088e+01
7.195164763607123917e-04 2.316417078374558258e+01
7.278540742629754359e-04 2.316756277212232007e+01
7.362882864069747240e-04 2.317167521986909762e+01
7.448202323371885380e-04 2.317414228781612451e+01
7.534510445711315417e-04 2.317484208717791105e+01
7.621818687496800630e-04 2.317606334620028363e+01
7.710138637891444588e-04 2.317938455615811222e+01
7.799482020350991885e-04 2.318352051305410200e+01
7.889860694180019299e-04 2.318607498785657839e+01
7.981286656106109526e-04 2.318680856492883535e+01
8.073772041872242762e-04 2.318796554904364982e+01
8.167329127847736819e-04 2.319121374291590243e+01
8.261970332657760704e-04 2.319536919846278522e+01
8.357708218831742591e-04 2.319801076678523089e+01
8.454555494470950830e-04 2.319878193418381329e+01
8.552525014935322785e-04 2.319987738434396007e+01
8.651629784549837512e-04 2.320305049257453334e+01
8.751882958330747765e-04 2.320722138914287314e+01
8.853297843731724450e-04 2.320994952513986220e+01
8.955887902410244236e-04 2.321076183630504985e+01
9.059666752014521691e-04 2.321179691632934450e+01
9.164648167991070555e-04 2.321487973363549173e+01
9.270846085413206360e-04 2.321897951824373152e+01
9.378274600830820021e-04 2.322138446678527757e+01
9.486947974141511294e-04 2.322062276827440286e+01
9.596880630483387844e-04 2.321651718622339899e+01
9.708087162149902890e-04 2.320695275616958853e+01
9.820582330526779133e-04 2.318696761193918476e+01
9.934381068051382178e-04 2.315464991319588961e+01
1.004949848019489906e-03 2.311854919758092564e+01
1.016594984746737066e-03 2.309483272164315437e+01
1.028375062744598138e-03 2.309244438363027996e+01
1.040291645682693989e-03 2.310252410349368901e+01
1.052346315350101945e-03 2.310758395191639991e+01
1.064540671865322813e-03 2.310144804943218944e+01
1.076876333888673485e-03 2.309500014718268446e+01
1.089354938837152394e-03 2.310010612594301804e+01
1.101978143101784097e-03 2.311300833731732851e+01
1.114747622267482901e-03 2.311934080556145332e+01
1.127665071335474120e-03 2.311369979609957426e+01
1.140732204948282725e-03 2.310701090376717559e+01
1.153950757617329057e-03 2.311163277242052416e+01
1.167322483953171309e-03 2.312449921523078089e+01
1.180849158898407761e-03 2.313129902069704613e+01
1.194532577963275215e-03 2.312599335423816171e+01
1.208374557463989807e-03 2.311905210607876882e+01
1.222376934763838878e-03 2.312317962231441726e+01
1.236541568517065528e-03 2.313598563713515688e+01
1.250870338915591184e-03 2.314324304717096581e+01
1.265365147938585927e-03 2.313829069197079846e+01
1.280027919604929737e-03 2.313111821576593741e+01
1.294860600228612581e-03 2.313474684348868848e+01
1.309865158677080707e-03 2.314746841455736615e+01
1.325043586632576641e-03 2.315517268769441017e+01
1.340397898856521232e-03 2.315059082570300930e+01
1.355930133456944913e-03 2.314320880472924102e+01
1.371642352159019784e-03 2.314633515162424260e+01
1.387536640578737384e-03 2.315894843502012179e+01
1.403615108499745197e-03 2.316708779566508625e+01
1.419879890153398884e-03 2.316289277863567264e+01
1.436333144502050440e-03 2.315532340221722407e+01
1.452977055525635566e-03 2.315794522870837824e+01
1.469813832511565914e-03 2.317042660728266412e+01
1.486845710347983870e-03 2.317898827167771358e+01
1.504074949820425645e-03 2.317519558279036929e+01
1.521503837911910217e-03 2.316746149586035486e+01
1.539134688106506398e-03 2.316957772144018435e+01
1.556969840696429417e-03 2.318190385928396680e+01
1.575011663092683268e-03 2.319087406380775818e+01
1.593262550139303273e-03 2.318749828124765244e+01
1.611724924431252176e-03 2.317962253281270080e+01
1.630401236635988004e-03 2.318123323971576610e+01
1.649293965818757028e-03 2.319338113603964757e+01
1.668405619771670375e-03 2.320274516778653862e+01
1.687738735346579894e-03 2.319979993036222155e+01
1.707295878791810972e-03 2.319180592098776117e+01
1.727079646092812351e-03 2.319291235519641603e+01
1.747092663316738995e-03 2.320485939749743665e+01
1.767337586961025475e-03 2.321460162706712538e+01
1.787817104306017521e-03 2.321209960194967081e+01
1.808533933771671286e-03 2.320401103038570056e+01
1.829490825278387535e-03 2.320461559996318712e+01
1.850690560612041485e-03 2.321633961635617638e+01
1.872135953793227373e-03 2.322644353278094798e+01
1.893829851450789517e-03 2.322439638544007323e+01
1.915775133199672199e-03 2.321623719450902357e+01
1.937974712023167283e-03 2.321634346526095527e+01
1.960431534659573451e-03 2.322782277585315569e+01
1.983148581993335585e-03 2.323827102358488261e+01
2.006128869450733883e-03 2.323668938999319522e+01
2.029375447400142470e-03 2.322848371186348615e+01
2.052891401556923828e-03 2.322809640033502632e+01
2.076679853393034302e-03 2.323930986752489858e+01
2.100743960551357172e-03 2.325008428539918626e+01
2.125086917264837425e-03 2.324897774657057781e+01
2.149711954780491544e-03 2.324074984754095041e+01
2.174622341788312683e-03 2.323987481136303757e+01
2.199821384855144522e-03 2.325080188894656530e+01
2.225312428863602306e-03 2.326188355103673189e+01
2.251098857456063172e-03 2.326126060995957445e+01
2.277184093483796464e-03 2.325303483488051626e+01
2.303571599461323380e-03 2.325167906048467970e+01
2.330264878026016336e-03 2.326229984145503948e+01
2.357267472403030886e-03 2.327366909972429099e+01
2.384582966875636954e-03 2.327353716074481227e+01
2.412214987260989738e-03 2.326533787720430979e+01
2.440167201391402283e-03 2.326350946493167271e+01
2.468443319601226846e-03 2.327380472786096632e+01
2.497047095219346799e-03 2.328544125651681895e+01
2.525982325067394410e-03 2.328580660722236217e+01
2.555252849963723580e-03 2.327765814962392099e+01
2.584862555233250273e-03 2.327536629625991793e+01
2.614815371223177132e-03 2.328531755015497851e+01
2.645115273824692921e-03 2.329720039160599399e+01
2.675766285000743053e-03 2.329806818725223039e+01
2.706772473319891178e-03 2.328999480091342633e+01
2.738137954496365923e-03 2.328724977968593990e+01
2.769866891936389932e-03 2.329683930721336793e+01
2.801963497290818096e-03 2.330894691952452291e+01
2.834432031014176047e-03 2.331032117004491155e+01
2.867276802930202560e-03 2.330234695544482904e+01
2.900502172803922762e-03 2.329916009352904638e+01
2.934112550920344505e-03 2.330837099250845768e+01
2.968112398669894587e-03 2.332068129824781977e+01
3.002506229140604766e-03 2.332256485787774736e+01
3.037298607717164693e-03 2.331471371518138369e+01
3.072494152686941916e-03 2.331109736876069150e+01
3.108097535852996727e-03 2.331991359182894996e+01
3.144113483154202873e-03 2.333240402819511772e+01
3.180546775292576473e-03 2.333479858773709381e+01
3.217402248367854344e-03 2.332709416172442829e+01
3.254684794519417147e-03 2.332306168866219309e+01
3.292399362575685294e-03 2.333146808101548331e+01
3.330550958711009715e-03 2.334411565113214237e+01
3.369144647110172437e-03 2.334702173288260951e+01
3.408185550640620547e-03 2.333948735840899857e+01
3.447678851532452217e-03 2.333505308859168181e+01
3.487629792066307844e-03 2.334303542371669593e+01
3.528043675269204940e-03 2.335581674897778370e+01
3.568925865618477640e-03 2.335923370432978174e+01
3.610281789753838188e-03 2.335189235244344630e+01
3.652116937197688335e-03 2.334707155586093208e+01
3.694436861083813788e-03 2.335461656917077988e+01
3.737247178894487296e-03 2.336750794251735641e+01
3.780553573206113516e-03 2.337143395224736508e+01
3.824361792443547927e-03 2.336430817708824037e+01
3.868677651643121895e-03 2.335911702972245862e+01
3.913507033224511780e-03 2.336621245001793312e+01
3.958855887771584384e-03 2.337918989002534431e+01
4.004730234822256874e-03 2.338362196726640008e+01
4.051136163667511288e-03 2.337673385386895930e+01
4.098079834159697177e-03 2.337118940146708113e+01
4.145567477530173565e-03 2.337782398014847018e+01
4.193605397216418167e-03 2.339086328580068042e+01
4.242199969698759975e-03 2.339579728169769979e+01
4.291357645346776870e-03 2.338916839481836618e+01
4.341084949275486604e-03 2.338328851463175795e+01
4.391388482211513317e-03 2.338945205259180682e+01
4.442274921369240848e-03 2.340252885861780285e+01
4.493751021337124597e-03 2.340795947065496563e+01
4.545823614974311977e-03 2.340161080474257815e+01
4.598499614317607884e-03 2.339541416531737994e+01
4.651786011498976019e-03 2.340109753745110766e+01
4.705689879673644570e-03 2.341418737009698603e+01
4.760218373959018354e-03 2.342010815308080751e+01
4.815378732384418235e-03 2.341406008350600487e+01
4.871178276851837775e-03 2.340756610261587412e+01
4.927624414107863692e-03 2.341276127988840372e+01
4.984724636726827786e-03 2.342583961299754947e+01
5.042486524105341261e-03 2.343224299267332711e+01
5.100917743468403112e-03 2.342651522832995425e+01
5.160026050887121622e-03 2.341974402914581432e+01
5.219819292308225910e-03 2.342444409816486228e+01
5.280305404595560075e-03 2.343748640943783812e+01
5.341492416583590308e-03 2.344436369871085191e+01
5.403388450143124452e-03 2.343897523609952671e+01
5.466001721259434835e-03 2.343194760169528834e+01
5.529340541122811266e-03 2.343614678174078136e+01
5.593413317231765366e-03 2.344912860904588570e+01
5.658228554509058851e-03 2.345647002677307214e+01
5.723794856430618194e-03 2.345143910567357537e+01
5.790120926167532586e-03 2.344417643197077794e+01
5.857215567741330328e-03 2.344787008943982443e+01
5.925087687192593516e-03 2.346076708704505265e+01
5.993746293763120049e-03 2.346856177935656973e+01
6.063200501091824644e-03 2.346390584019245296e+01
6.133459528424451725e-03 2.345643008745034308e+01
6.204532701837334359e-03 2.345961474768155597e+01
6.276429455475297271e-03 2.347240274227883461e+01
6.349159332803968464e-03 2.348063880638343548e+01
6.422731987876548025e-03 2.347637444937820206e+01
6.497157186615250962e-03 2.346870809233934096e+01
6.572444808107658250e-03 2.347138144878669408e+01
6.648604845918037673e-03 2.348403649517939940e+01
6.725647409413847838e-03 2.349270100560157815e+01
6.803582725107684692e-03 2.348884395182185969e+01
6.882421138014712184e-03 2.348100992862649861e+01
6.962173113025823395e-03 2.348317084935886712e+01
7.042849236296772411e-03 2.349566928568440005e+01
7.124460216653349769e-03 2.350474832287571303e+01
7.207016887012828756e-03 2.350131337725276381e+01
7.290530205821955760e-03 2.349333503723803318e+01
7.375011258511537590e-03 2.349498356874671856e+01
7.460471258967879028e-03 2.350730207110680325e+01
7.546921551021344710e-03 2.351678075236828391e+01
7.634373609952097364e-03 2.351378176878446880e+01
7.722839044013287378e-03 2.350568281928730840e+01
7.812329595971960819e-03 2.350682018759005487e+01
7.902857144667752715e-03 2.351893582396255056e+01
7.994433706589641406e-03 2.352879833660978548e+01
8.087071437471048466e-03 2.352624818513219296e+01
8.180782633903340567e-03 2.351805263741719543e+01
8.275579734968075904e-03 2.351868124645333680e+01
8.371475323888112260e-03 2.353057152976106892e+01
8.468482129697941022e-03 2.354080116645813092e+01
8.566613028933290491e-03 2.353871170279668235e+01
8.665881047340315974e-03 2.353044381723324463e+01
8.766299361604662846e-03 2.353056724457769633e+01
8.867881301100498034e-03 2.354221018534216370e+01
8.970640349659806528e-03 2.355278939067498811e+01
9.074590147362261716e-03 2.355117155045964950e+01
9.179744492345766685e-03 2.354285710275900811e+01
9.286117342637971797e-03 2.354249156450799774e+01
9.393722818009089467e-03 2.355394572108362894e+01
9.502575201846113692e-03 2.356530341455847832e+01
9.612688943048739235e-03 2.356616634440964475e+01
9.724078657947346493e-03 2.356494410134646955e+01
9.836759132243119708e-03 2.358411083322148372e+01
9.950745322970655851e-03 2.363937946210710095e+01
1.006605236048338861e-02 2.372557787088032555e+01
1.018269555046194368e-02 2.381964543412694013e+01
1.030069037594575146e-02 2.389399277685177481e+01
1.042005249938835268e-02 2.393198338356347676e+01
1.054079776473627883e-02 2.393854548809349225e+01
1.066294219953220490e-02 2.393562680529204911e+01
1.078650201704249925e-02 2.394178125470995155e+01
1.091149361840920706e-02 2.395559227228399024e+01
1.103793359482718728e-02 2.396250691091923812e+01
1.116583872974646202e-02 2.395663525809960603e+01
1.129522600109989471e-02 2.394936780647625341e+01
1.142611258355688206e-02 2.395397311531087681e+01
1.155851585080316761e-02 2.396752662657707589e+01
1.169245337784685125e-02 2.397489850733768435e+01
1.182794294335134250e-02 2.396938659662998816e+01
1.196500253199534423e-02 2.396186126376065673e+01
1.210365033685997273e-02 2.396594033676365854e+01
1.224390476184374250e-02 2.397941816962492467e+01
1.238578442410555140e-02 2.398726998830425572e+01
1.252930815653574906e-02 2.398214083450699974e+01
1.267449501025605038e-02 2.397438073133025682e+01
1.282136425714843972e-02 2.397792934876764193e+01
1.296993539241312818e-02 2.399130613191967143e+01
1.312022813715640196e-02 2.399962600062939799e+01
1.327226244100844672e-02 2.399489742470601072e+01
1.342605848477127287e-02 2.398692577566092865e+01
1.358163668309756052e-02 2.398994089615906944e+01
1.373901768720056128e-02 2.400319146477986365e+01
1.389822238759513655e-02 2.401196641144183630e+01
1.405927191687081530e-02 2.400765533579598809e+01
1.422218765249698945e-02 2.399949587791759953e+01
1.438699121966035416e-02 2.400197568458656505e+01
1.455370449413548838e-02 2.401507514088367756e+01
1.472234960518870386e-02 2.402429113805906624e+01
1.489294893851526511e-02 2.402041354674673101e+01
1.506552513921093073e-02 2.401209047570727506e+01
1.524010111477791009e-02 2.401403438156895120e+01
1.541670003816539639e-02 2.402695815221046516e+01
1.559534535084559394e-02 2.403660014824270874e+01
1.577606076592540443e-02 2.403317104929201165e+01
1.595887027129387278e-02 2.402470896433209546e+01
1.614379813280639869e-02 2.402611761493197307e+01
1.633086889750585274e-02 2.403884150778983653e+01
1.652010739688071495e-02 2.404889346033176167e+01
1.671153875016126097e-02 2.404592685026561583e+01
1.690518836765395397e-02 2.403735069814074166e+01
1.710108195411414594e-02 2.403822597133433447e+01
1.729924551215834480e-02 2.405072623140933885e+01
1.749970534571552300e-02 2.406117114325979145e+01
1.770248806351877591e-02 2.405867997390534185e+01
1.790762058263742004e-02 2.405001499197537740e+01
1.811513013204971156e-02 2.405035999488688603e+01
1.832504425625729530e-02 2.406261335928601142e+01
1.853739081894151958e-02 2.407343331645591888e+01
1.875219800666179729e-02 2.407142946411936890e+01
1.896949433259717196e-02 2.406270112271060313e+01
1.918930864033121381e-02 2.406252018586788921e+01
1.941167010768044682e-02 2.407450393770708175e+01
1.963660825056748327e-02 2.408568014962964554e+01
1.986415292693904586e-02 2.408417438670982236e+01
2.009433434072902674e-02 2.407540833088125609e+01
2.032718304586781863e-02 2.407470699953768900e+01
2.056272995033813986e-02 2.408639902064519944e+01
2.080100632027745075e-02 2.409791186243991135e+01
2.104204378412830381e-02 2.409691383154855515e+01
2.128587433683678393e-02 2.408813582239534767e+01
2.153253034409920511e-02 2.408692084505536712e+01
2.178204454665842033e-02 2.409829966735373219e+01
2.203445006464990752e-02 2.411012872404910468e+01
2.228978040199781560e-02 2.410964691469979115e+01
2.254806945086236872e-02 2.410088277032818027e+01
2.280935149613878485e-02 2.409916208450011865e+01
2.307366122000793426e-02 2.411020693994748498e+01
2.334103370654012910e-02 2.412233105256281718e+01
2.361150444635228343e-02 2.412237278048498723e+01
2.388510934131858957e-02 2.411364831679381737e+01
2.416188470933621629e-02 2.411143103199966831e+01
2.444186728914625115e-02 2.412212190097449849e+01
2.472509424521004973e-02 2.413451921435662229e+01
2.501160317264252211e-02 2.413509060348484425e+01
2.530143210220262007e-02 2.412643157488949797e+01
2.559461950534116376e-02 2.412372795296776928e+01
2.589120429930764564e-02 2.413404561098449363e+01
2.619122585231620920e-02 2.414669362329121327e+01
2.649472398877098997e-02 2.414779959047404034e+01
2.680173899455252570e-02 2.413923163070886702e+01
2.711231162236539538e-02 2.413605306345270662e+01
2.742648309714734028e-02 2.414597912609946562e+01
2.774429512154157756e-02 2.415885473981771980e+01
2.806578988143250061e-02 2.416049898228396842e+01
2.839101005154504379e-02 2.415204754541909793e+01
2.871999880110940803e-02 2.414840652959840384e+01
2.905279979959147704e-02 2.415792349559200503e+01
2.938945722248908002e-02 2.417100306997497938e+01
2.973001575719594683e-02 2.417318805558924311e+01
3.007452060893362616e-02 2.416487835739765799e+01
3.042301750675160607e-02 2.416078846721945439e+01
3.077555270959748956e-02 2.416987975947708378e+01
3.113217301245753410e-02 2.418313916428117949e+01
3.149292575256768673e-02 2.418586612461372454e+01
3.185785881569760253e-02 2.417772308442351203e+01
3.222702064250643206e-02 2.417319894149117587e+01
3.260046023497299716e-02 2.418184894612254965e+01
3.297822716290041423e-02 2.419526361652206958e+01
3.336037157049550478e-02 2.419853254275205856e+01
3.374694418302510990e-02 2.419058072591801434e+01
3.413799631354941938e-02 2.418563796675556077e+01
3.453357986973284305e-02 2.419383206988412738e+01
3.493374736073431852e-02 2.420737706243868459e+01
3.533855190417753422e-02 2.421118670410299600e+01
3.574804723320124111e-02 2.420345026523029830e+01
3.616228770359192907e-02 2.419810550644362124e+01
3.658132830099913857e-02 2.420583012877018092e+01
3.700522464823376156e-02 2.421948017831725508e+01
3.743403301265151029e-02 2.422382804491067887e+01
3.786781031362201205e-02 2.421633067196201949e+01
3.830661413008373817e-02 2.421060147311442279e+01
3.875050270818718168e-02 2.421784410214165106e+01
3.919953496902657542e-02 2.423157367948460106e+01
3.965377051646054585e-02 2.423645604491072447e+01
4.011326964502404807e-02 2.422922090432608755e+01
4.057809334793203299e-02 2.422312572861093471e+01
4.104830332517509645e-02 2.422987494845266809e+01
4.152396199170969165e-02 2.424365831871238441e+01
4.200513248574323094e-02 2.424907022857771821e+01
4.249187867711448630e-02 2.424211991153414658e+01
4.298426517577179362e-02 2.423567808433238824e+01
4.348235734034953948e-02 2.424192360303669602e+01
4.398622128684328420e-02 2.425573488453368043e+01
4.449592389738610959e-02 2.426167016627124795e+01
4.501153282912673942e-02 2.425502663620719090e+01
4.553311652320973790e-02 2.424825830162257745e+01
4.606074421386049944e-02 2.425399097594370446e+01
4.659448593757561236e-02 2.426780419947577272e+01
4.713441254241881873e-02 2.427425547527766625e+01
4.768059569742557485e-02 2.426794001680390522e+01
4.823310790211655236e-02 2.426086609227350266e+01
4.879202249612056563e-02 2.426607794983318556e+01
4.935741366890983306e-02 2.427986711821309029e+01
4.992935646964809238e-02 2.428682582074518592e+01
5.050792681715187554e-02 2.428085899006119774e+01
5.109320150996820437e-02 2.427350111914312336e+01
5.168525823656897750e-02 2.427818537792782649e+01
5.228417558566265250e-02 2.429192452564442206e+01
5.289003305662623444e-02 2.429938091650985044e+01
5.350291107005829272e-02 2.429378249344122764e+01
5.412289097845317254e-02 2.428616299688612301e+01
5.475005507699994695e-02 2.429031408203289644e+01
5.538448661450649096e-02 2.430397733489890655e+01
5.602626980444901789e-02 2.431192052581064189e+01
5.667548983615132430e-02 2.430670946757940953e+01
5.733223288609194668e-02 2.429885129279596612e+01
5.799658612934339291e-02 2.430246485062555806e+01
5.866863775114399687e-02 2.431602648527509203e+01
5.934847695860278466e-02 2.432444446189168374e+01
6.003619399254105787e-02 2.431963885872775322e+01
6.073188013947116576e-02 2.431156552775652457e+01
6.143562774371300744e-02 2.431463843701888550e+01
6.214753021965208069e-02 2.432807294011792365e+01
6.286768206413947957e-02 2.433695258849022380e+01
6.359617886903456974e-02 2.433256962118789346e+01
6.433311733389404652e-02 2.432430517730118424e+01
6.507859527880806294e-02 2.432683555760466731e+01
6.583271165738399655e-02 2.434011768463836844e+01
6.659556656988174783e-02 2.434944482020907941e+01
6.736726127650129181e-02 2.434550071972822138e+01
6.814789821082303800e-02 2.433706967277709765e+01
6.893758099340506484e-02 2.433905689017917595e+01
6.973641444553799196e-02 2.435216172368067689e+01
7.054450460315798976e-02 2.436192112277264954e+01
7.136195873092220088e-02 2.435843113197961074e+01
7.218888533644732264e-02 2.434985840261208523e+01
7.302539418471194754e-02 2.435130307235588276e+01
7.387159631262693593e-02 2.436420607944234362e+01
7.472760404377479238e-02 2.437438151316557011e+01
7.559353100331842046e-02 2.437135985080404765e+01
7.646949213308397442e-02 2.436267071368133230e+01
7.735560370681858477e-02 2.436357470006866421e+01
7.825198334562338820e-02 2.437625178915197566e+01
7.915875003356681594e-02 2.438682605965392014e+01
8.007602413347889025e-02 2.438428588663094132e+01
8.100392740292704230e-02 2.437550591277083711e+01
8.194258301037843362e-02 2.437587232616925093e+01
8.289211555154972488e-02 2.438829990271033665e+01
8.385265106594470830e-02 2.439925488168847068e+01
8.482431705358507712e-02 2.439720826975543488e+01
8.580724249193510955e-02 2.438836326813447997e+01
8.680155785302091920e-02 2.438819645912206724e+01
8.780739512074962894e-02 2.440035148029991774e+01
8.882488780842920373e-02 2.441166814968770282e+01
8.985417097648983054e-02 2.441012605253296996e+01
9.089538125041206340e-02 2.440124200999845527e+01
9.194865683886289942e-02 2.440054754439072582e+01
9.301413755204025746e-02 2.441240737547591166e+01
9.409196482023172992e-02 2.442406394762780764e+01
9.518228171258839854e-02 2.442302109327028248e+01
9.628523295611447763e-02 2.441402915162108656e+01
9.740096495487871042e-02 2.441233496274152515e+01
9.852962580944840676e-02 2.442195079892584531e+01
9.967136533654674668e-02 2.442777052082520939e+01
1.008263350889407745e-01 2.441175455491336876e+01
1.019946883755569050e-01 2.437249205314419953e+01
1.031765802818314925e-01 2.432554733376476364e+01
1.043721676902972795e-01 2.428795170748879073e+01
1.055816093014065177e-01 2.426632970827097324e+01
1.068050656545971866e-01 2.425767737593871232e+01
1.080426991496034606e-01 2.425613869913059517e+01
1.092946740680110912e-01 2.425747669081700053e+01
1.105611565950645053e-01 2.425970427932211848e+01
1.118423148417267143e-01 2.426214638575087790e+01
1.131383188669927292e-01 2.426462942206814333e+01
1.144493407004636004e-01 2.426711884139730913e+01
1.157755543651820540e-01 2.426960925235415445e+01
1.171171359007307095e-01 2.427209998964814730e+01
1.184742633865999289e-01 2.427459098801559279e+01
1.198471169658265889e-01 2.427708224236720369e+01
1.212358788689045230e-01 2.427957375240827176e+01
1.226407334379742559e-01 2.428206551814888314e+01
1.240618671512930260e-01 2.428455753961461738e+01
1.254994686479861676e-01 2.428704981683169706e+01
1.269537287530875247e-01 2.428954234982637672e+01
1.284248405028699525e-01 2.429203513862489672e+01
1.299129991704672804e-01 2.429452818325351870e+01
1.314184022917952166e-01 2.429702148373849013e+01
1.329412496917727615e-01 2.429951504010607621e+01
1.344817435108451864e-01 2.430200885238253150e+01
1.360400882318164861e-01 2.430450292059412121e+01
1.376164907069930832e-01 2.430699724476711410e+01
1.392111601856393377e-01 2.430949182492777538e+01
1.408243083417538288e-01 2.431198666110238094e+01
1.424561493021675174e-01 2.431448175331720307e+01
1.441068996749649278e-01 2.431697710159851766e+01
1.457767785782371206e-01 2.431947270597260058e+01
1.474660076691681199e-01 2.432196856646574190e+01
1.491748111734554627e-01 2.432446468310422460e+01
1.509034159150745291e-01 2.432696105591433167e+01
1.526520513463877071e-01 2.432945768492236027e+01
1.544209495785997532e-01 2.433195457015459340e+01
1.562103454125687019e-01 2.433445171163733889e+01
1.580204763699740167e-01 2.433694910939688683e+01
1.598515827248429833e-01 2.433944676345954505e+01
1.617039075354450850e-01 2.434194467385161431e+01
1.635776966765563889e-01 2.434444284059939534e+01
1.654731988720945235e-01 2.434694126372920664e+01
1.673906657281348520e-01 2.434943994326735606e+01
1.693303517663094226e-01 2.435193887924015854e+01
1.712925144575895842e-01 2.435443807167392904e+01
1.732774142564634801e-01 2.435693752059498962e+01
1.752853146355092817e-01 2.435943722602966233e+01
1.773164821203661312e-01 2.436193718800427988e+01
1.793711863251133964e-01 2.436443740654515722e+01
1.814496999880598482e-01 2.436693788167863772e+01
1.835522990079440364e-01 2.436943861343105056e+01
1.856792624805596315e-01 2.437193960182872488e+01
1.878308727357995422e-01 2.437444084689801116e+01
1.900074153751330486e-01 2.437694234866524567e+01
1.922091793095173085e-01 2.437944410715677179e+01
1.944364567977446279e-01 2.438194612239893644e+01
1.966895434852376223e-01 2.438444839441809719e+01
1.989687384432938522e-01 2.438695092324059388e+01
2.012743442087818468e-01 2.438945370889279118e+01
2.036066668243004529e-01 2.439195675140104314e+01
2.059660158788037820e-01 2.439446005079171087e+01
2.083527045486930074e-01 2.439696360709115552e+01
2.107670496393882764e-01 2.439946742032575244e+01
2.132093716273822104e-01 2.440197149052185566e+01
2.156799947027768505e-01 2.440447581770585117e+01
2.181792468123175677e-01 2.440698040190410367e+01
2.207074597029253793e-01 2.440948524314299206e+01
2.232649689657300041e-01 2.441199034144890234e+01
2.258521140806169780e-01 2.441449569684820275e+01
2.284692384612911353e-01 2.441700130936729352e+01
2.311166895008580080e-01 2.441950717903255352e+01
2.337948186179376053e-01 2.442201330587037233e+01
2.365039813033127658e-01 2.442451968990715017e+01
2.392445371671133858e-01 2.442702633116928013e+01
2.420168499865521794e-01 2.442953322968316243e+01
2.448212877542131904e-01 2.443204038547518664e+01
2.476582227268957492e-01 2.443454779857177073e+01
2.505280314750287229e-01 2.443705546899931491e+01
2.534310949326573081e-01 2.443956339678422651e+01
2.563677984480047245e-01 2.444207158195292351e+01
2.593385318346243529e-01 2.444458002453181678e+01
2.623436894231442884e-01 2.444708872454732429e+01
2.653836701136073062e-01 2.444959768202587114e+01
2.684588774284215607e-01 2.445210689699387174e+01
2.715697195659255714e-01 2.445461636947775830e+01
2.747166094545680504e-01 2.445712609950395944e+01
2.778999648077215556e-01 2.445963608709890025e+01
2.811202081791303597e-01 2.446214633228902002e+01
2.843777670189966411e-01 2.446465683510075451e+01
2.876730737307208741e-01 2.446716759556053589e+01
2.910065657283003038e-01 2.446967861369481767e+01
2.943786854943873377e-01 2.447218988953003560e+01
2.977898806390253950e-01 2.447470142309263963e+01
3.012406039590659335e-01 2.447721321440908326e+01
3.047313134982684857e-01 2.447972526350581646e+01
3.082624726081024669e-01 2.448223757040929627e+01
3.118345500092535860e-01 2.448475013514597265e+01
3.154480198538371916e-01 2.448726295774232042e+01
3.191033617883387574e-01 2.448977603822479310e+01
3.228010610172831196e-01 2.449228937661985483e+01
3.265416083676351833e-01 2.449480297295398046e+01
3.303255003539570245e-01 2.449731682725364834e+01
3.341532392443096744e-01 2.449983093954532620e+01
3.380253331269252870e-01 2.450234530985548176e+01
3.419422959776525217e-01 2.450485993821060760e+01
3.459046477281762511e-01 2.450737482463718564e+01
3.499129143350347970e-01 2.450988996916169782e+01
3.539676278494369166e-01 2.451240537181062962e+01
3.580693264878809234e-01 2.451492103261047717e+01
3.622185547035988162e-01 2.451743695158773306e+01
3.664158632588288000e-01 2.451995312876888633e+01
3.706618092979176993e-01 2.452246956418044377e+01
3.749569564212779649e-01 2.452498625784891217e+01
3.793018747602014407e-01 2.452750320980078058e+01
3.836971410525328863e-01 2.453002042006256644e+01
3.881433387192279039e-01 2.453253788866078366e+01
3.926410579417974889e-01 2.453505561562193549e+01
3.971908957406430352e-01 2.453757360097253581e+01
4.017934560543066080e-01 2.454009184473911276e+01
4.064493498196388721e-01 2.454261034694817667e+01
4.111591950528893369e-01 2.454512910762625921e+01
4.159236169317431786e-01 2.454764812679988495e+01
4.207432478783089125e-01 2.455016740449557844e+01
4.256187276430602462e-01 2.455268694073987845e+01
4.305507033897577607e-01 2.455520673555930955e+01
4.355398297813555253e-01 2.455772678898041406e+01
4.405867690668943126e-01 2.456024710102973430e+01
4.456921911694106120e-01 2.456276767173380904e+01
4.508567737748636617e-01 2.456528850111918416e+01
4.560812024220850525e-01 2.456780958921241265e+01
4.613661705937788238e-01 2.457033093604004037e+01
4.667123798085761610e-01 2.457285254162861676e+01
4.721205397141482463e-01 2.457537440600470191e+01
4.775913681814065725e-01 2.457789652919485945e+01
4.831255913997951068e-01 2.458041891122564593e+01
4.887239439736776325e-01 2.458294155212362497e+01
4.943871690198508029e-01 2.458546445191536378e+01
5.001160182661876785e-01 2.458798761062743665e+01
5.059112521514145255e-01 2.459051102828641078e+01
5.117736399260537361e-01 2.459303470491886756e+01
5.177039597545356475e-01 2.459555864055137775e+01
5.237029988184849216e-01 2.459808283521052275e+01
5.297715534212128485e-01 2.460060728892288751e+01
5.359104290934210146e-01 2.460313200171506409e+01
5.421204407001191106e-01 2.460565697361363036e+01
5.484024125487927392e-01 2.460818220464518902e+01
5.547571784988235555e-01 2.461070769483632859e+01
5.611855820721681765e-01 2.461323344421364467e+01
5.676884765653291698e-01 2.461575945280374000e+01
5.742667251626240033e-01 2.461828572063321374e+01
5.809212010507543988e-01 2.462081224772867571e+01
5.876527875347213881e-01 2.462333903411673219e+01
5.944623781550655295e-01 2.462586607982399656e+01
6.013508768064774745e-01 2.462839338487707508e+01
6.083191978577838777e-01 2.463092094930258824e+01
6.153682662733112041e-01 2.463344877312714942e+01
6.224990177356681809e-01 2.463597685637739332e+01
6.297123987699507763e-01 2.463850519907993331e+01
6.370093668693743716e-01 2.464103380126140053e+01
6.443908906223744237e-01 2.464356266294842612e+01
6.518579498411788409e-01 2.464609178416763413e+01
6.594115356918593962e-01 2.464862116494566990e+01
6.670526508259007059e-01 2.465115080530916458e+01
6.747823095132958748e-01 2.465368070528476707e+01
6.826015377771699200e-01 2.465621086489910851e+01
6.905113735299772681e-01 2.465874128417884847e+01
6.985128667112765477e-01 2.466127196315062875e+01
7.066070794270900013e-01 2.466380290184110180e+01
7.147950860908893755e-01 2.466633410027692364e+01
7.230779735662168362e-01 2.466886555848474316e+01
7.314568413109443501e-01 2.467139727649123415e+01
7.399328015232190525e-01 2.467392925432305262e+01
7.485069792890987062e-01 2.467646149200686168e+01
7.571805127318852469e-01 2.467899398956933155e+01
7.659545531632017124e-01 2.468152674703712890e+01
7.748302652358204368e-01 2.468405976443693461e+01
7.838088270982480621e-01 2.468659304179542247e+01
7.928914305511157723e-01 2.468912657913927333e+01
8.020792812053816334e-01 2.469166037649516454e+01
8.113735986423524782e-01 2.469419443388977697e+01
8.207756165755736300e-01 2.469672875134980927e+01
8.302865830145950143e-01 2.469926332890194232e+01
8.399077604306209865e-01 2.470179816657287475e+01
8.496404259240925017e-01 2.470433326438929811e+01
8.594858713942137296e-01 2.470686862237791459e+01
8.694454037104260014e-01 2.470940424056541573e+01
8.795203448858848194e-01 2.471194011897851794e+01
8.897120322529473713e-01 2.471447625764392342e+01
9.000218186406772070e-01 2.471701265658833790e+01
9.104510725544219252e-01 2.471954931583847426e+01
9.210011783574723054e-01 2.472208623542104888e+01
9.316735364548093257e-01 2.472462341536277819e+01
9.424695634789974630e-01 2.472716085569037858e+01
9.533906924782318271e-01 2.472969855643058068e+01
9.644383731065476750e-01 2.473223651761010444e+01
9.756140718162504832e-01 2.473477473925568759e+01
9.869192720525773455e-01 2.473731322139404298e+01
9.983554744505944711e-01 2.473985196405192255e+01
1.009924197034395732e+00 2.474239096725604981e+01
1.021626975418608918e+00 2.474493023103317668e+01
1.033465363012218363e+00 2.474746975541003025e+01
1.045440931224768333e+00 2.475000954041337309e+01
1.057555269674956167e+00 2.475254958606993938e+01
1.069809986401620838e+00 2.475508989240648461e+01
1.082206708077207979e+00 2.475763045944975715e+01
1.094747080223678060e+00 2.476017128722651961e+01
1.107432767430936327e+00 2.476271237576352391e+01
1.120265453577794501e+00 2.476525372508753620e+01
1.133246842055473103e+00 2.476779533522532262e+01
1.146378655993713247e+00 2.477033720620364221e+01
1.159662638489509900e+00 2.477287933804927178e+01
1.173100552838474142e+00 2.477542173078897747e+01
1.186694182768896155e+00 2.477796438444954319e+01
1.200445332678522714e+00 2.478050729905773508e+01
1.214355827874056049e+00 2.478305047464034416e+01
1.228427514813448473e+00 2.478559391122415079e+01
1.242662261351006547e+00 2.478813760883593176e+01
1.257061956985312534e+00 2.479068156750248875e+01
1.271628513110039771e+00 2.479322578725060922e+01
1.286363863267677932e+00 2.479577026810708418e+01
1.301269963406171071e+00 2.479831501009871175e+01
1.316348792138555712e+00 2.480086001325229361e+01
1.331602351005607643e+00 2.480340527759463143e+01
1.347032664741505847e+00 2.480595080315253398e+01
1.362641781542601960e+00 2.480849658995280294e+01
1.378431773339302557e+00 2.481104263802225773e+01
1.394404736071077178e+00 2.481358894738769649e+01
1.410562789964678876e+00 2.481613551807594931e+01
1.426908079815588204e+00 2.481868235011383561e+01
1.443442775272693046e+00 2.482122944352817129e+01
1.460169071126293128e+00 2.482377679834577933e+01
1.477089187599442077e+00 2.482632441459348982e+01
1.494205370642638364e+00 2.482887229229813641e+01
1.511519892231958595e+00 2.483142043148655276e+01
1.529035050670644713e+00 2.483396883218556539e+01
1.546753170894160201e+00 2.483651749442201506e+01
1.564676604778806102e+00 2.483906641822274608e+01
1.582807731453916178e+00 2.484161560361460630e+01
1.601148957617639201e+00 2.484416505062443292e+01
1.619702717856410512e+00 2.484671475927908446e+01
1.638471474968124397e+00 2.484926472960540877e+01
1.657457720289023273e+00 2.485181496163025727e+01
1.676663974024402926e+00 2.485436545538049202e+01
1.696092785583151574e+00 2.485691621088296799e+01
1.715746733916133637e+00 2.485946722816456145e+01
1.735628427858526113e+00 2.486201850725212381e+01
1.755740506476122453e+00 2.486457004817253136e+01
1.776085639415616146e+00 2.486712185095264971e+01
1.796666527258976798e+00 2.486967391561936225e+01
1.817485901881931376e+00 2.487222624219953460e+01
1.838546526816568383e+00 2.487477883072005369e+01
1.859851197618175744e+00 2.487733168120779936e+01
1.881402742236328418e+00 2.487988479368966566e+01
1.903204021390241918e+00 2.488243816819252530e+01
1.925257928948528319e+00 2.488499180474327588e+01
1.947567392313298562e+00 2.488754570336881500e+01
1.970135372808751839e+00 2.489009986409603670e+01
1.992964866074269370e+00 2.489265428695183502e+01
2.016058902462027902e+00 2.489520897196311466e+01
2.039420547439255493e+00 2.489776391915678389e+01
2.063052901995148236e+00 2.490031912855974738e+01
2.086959103052468567e+00 2.490287460019891341e+01
2.111142323883945515e+00 2.490543033410119378e+01
2.135605774533504864e+00 2.490798633029351095e+01
2.160352702242337664e+00 2.491054258880277317e+01
2.185386391879949652e+00 2.491309910965591001e+01
2.210710166380200903e+00 2.491565589287984395e+01
2.236327387182361459e+00 2.491821293850149388e+01
2.262241454677315744e+00 2.492077024654780004e+01
2.288455808658941049e+00 2.492332781704569200e+01
2.314973928780672097e+00 2.492588565002209933e+01
2.341799335017397787e+00 2.492844374550395870e+01
2.368935588132712766e+00 2.493100210351821744e+01
2.396386290151538034e+00 2.493356072409181579e+01
2.424155084838264695e+00 2.493611960725170462e+01
2.452245658180433274e+00 2.493867875302482062e+01
2.480661738877980138e+00 2.494123816143812533e+01
2.509407098838191352e+00 2.494379783251857319e+01
2.538485553676395501e+00 2.494635776629311508e+01
2.567900963222415012e+00 2.494891796278871254e+01
2.597657232032925201e+00 2.495147842203233424e+01
2.627758309909757894e+00 2.495403914405093460e+01
2.658208192424158955e+00 2.495660012887149293e+01
2.689010921447171576e+00 2.495916137652097433e+01
2.720170585686163545e+00 2.496172288702635456e+01
2.751691321227522469e+00 2.496428466041460226e+01
2.783577312085691702e+00 2.496684669671270740e+01
2.815832790758566073e+00 2.496940899594764574e+01
2.848462038789273176e+00 2.497197155814640723e+01
2.881469387334516075e+00 2.497453438333596765e+01
2.914859217739502295e+00 2.497709747154333115e+01
2.948635962119481313e+00 2.497966082279548772e+01
2.982804103948074381e+00 2.498222443711942731e+01
3.017368178652422461e+00 2.498478831454215054e+01
3.052332774215176237e+00 2.498735245509065805e+01
3.087702531783513393e+00 2.498991685879196112e+01
3.123482146285220029e+00 2.499248152567305326e+01
3.159676367051848178e+00 2.499504645576095641e+01
3.196289998449153291e+00 2.499761164908267830e+01
3.233327900514840536e+00 2.500017710566523377e+01
3.270794989603636349e+00 2.500274282553564476e+01
3.308696239039900178e+00 2.500530880872092254e+01
3.347036679777795509e+00 2.500787505524810328e+01
3.385821401069049053e+00 2.501044156514420180e+01
3.425055551138512566e+00 2.501300833843625071e+01
3.464744337867550872e+00 2.501557537515128615e+01
3.504893029485277367e+00 2.501814267531634073e+01
3.545506955267909710e+00 2.502071023895844704e+01
3.586591506246119110e+00 2.502327806610464833e+01
3.628152135920647670e+00 2.502584615678199143e+01
3.670194360986221316e+00 2.502841451101751602e+01
3.712723762063783628e+00 2.503098312883827603e+01
3.755745984441278384e+00 2.503355201027131827e+01
3.799266738823023459e+00 2.503612115534370020e+01
3.843291802087691167e+00 2.503869056408247218e+01
3.887827018055148187e+00 2.504126023651470234e+01
3.932878298262177275e+00 2.504383017266744460e+01
3.978451622747120275e+00 2.504640037256777418e+01
4.024553040843679597e+00 2.504897083624275211e+01
4.071188671983924756e+00 2.505154156371944651e+01
4.118364706510527995e+00 2.505411255502493972e+01
4.166087406498483858e+00 2.505668381018629631e+01
4.214363106586350938e+00 2.505925532923060572e+01
4.263198214817058407e+00 2.506182711218494674e+01
4.312599213488514494e+00 2.506439915907639815e+01
4.362572660014095050e+00 2.506697146993206005e+01
4.413125187793002446e+00 2.506954404477901122e+01
4.464263507090804772e+00 2.507211688364434821e+01
4.515994405930170430e+00 2.507468998655516401e+01
4.568324750991847871e+00 2.507726335353856228e+01
4.621261488526163141e+00 2.507983698462164313e+01
4.674811645275084970e+00 2.508241087983150663e+01
4.728982329404885832e+00 2.508498503919526357e+01
4.783780731449698287e+00 2.508755946274002113e+01
4.839214125266004807e+00 2.509013415049289364e+01
4.895289868998099259e+00 2.509270910248099540e+01
4.952015406054824709e+00 2.509528431873144783e+01
5.009398266097631947e+00 2.509785979927136168e+01
5.067446066039993369e+00 2.510043554412786904e+01
5.126166511058490194e+00 2.510301155332809842e+01
5.185567395615620967e+00 2.510558782689916768e+01
5.245656604494358000e+00 2.510816436486821956e+01
5.306442113844799024e+00 2.511074116726237904e+01
5.367931992242936268e+00 2.511331823410879949e+01
5.430134401761606000e+00 2.511589556543460233e+01
5.493057599053939200e+00 2.511847316126694452e+01
5.556709936449372833e+00 2.512105102163296522e+01
5.621099863062259061e+00 2.512362914655981072e+01
5.686235925913416089e+00 2.512620753607463797e+01
5.752126771064688171e+00 2.512878619020460036e+01
5.818781144766536073e+00 2.513136510897685483e+01
5.886207894619039926e+00 2.513394429241855832e+01
5.954415970746347320e+00 2.513652374055687488e+01
6.023414426984634140e+00 2.513910345341897212e+01
6.093212422083923663e+00 2.514168343103200698e+01
6.163819220923850928e+00 2.514426367342317192e+01
6.235244195743377738e+00 2.514684418061962035e+01
6.307496827384949434e+00 2.514942495264853406e+01
6.380586706552880294e+00 2.515200598953709843e+01
6.454523535086446273e+00 2.515458729131248816e+01
6.529317127247732166e+00 2.515716885800189573e+01
6.604977411024282929e+00 2.515975068963250294e+01
6.681514429446968606e+00 2.516233278623150227e+01
6.758938341923121484e+00 2.516491514782608618e+01
6.837259425585001438e+00 2.516749777444345071e+01
6.916488076654002448e+00 2.517008066611079187e+01
6.996634811820679367e+00 2.517266382285531989e+01
7.077710269640628660e+00 2.517524724470423081e+01
7.159725211946677881e+00 2.517783093168473130e+01
7.242690525277438951e+00 2.518041488382403870e+01
7.326617222322282075e+00 2.518299910114935614e+01
7.411516443383188602e+00 2.518558358368791161e+01
7.497399457853542337e+00 2.518816833146691181e+01
7.584277665713920591e+00 2.519075334451358117e+01
7.672162599045356579e+00 2.519333862285514769e+01
7.761065923560135360e+00 2.519592416651883227e+01
7.850999440150192576e+00 2.519850997553186644e+01
7.941975086453589405e+00 2.520109604992148533e+01
8.034004938439146315e+00 2.520368238971492403e+01
8.127101212009295139e+00 2.520626899493941409e+01
8.221276264621645069e+00 2.520885586562220126e+01
8.316542596929338060e+00 2.521144300179053133e+01
8.412912854440275368e+00 2.521403040347164648e+01
8.510399829195710808e+00 2.521661807069279604e+01
8.609016461468291581e+00 2.521920600348123287e+01
8.708775841479637236e+00 2.522179420186420984e+01
8.809691211137955946e+00 2.522438266586898692e+01
8.911775965795822430e+00 2.522697139552282053e+01
9.015043656028135288e+00 2.522956039085298130e+01
9.119507989430864825e+00 2.523214965188672920e+01
9.225182832440628644e+00 2.523473917865133487e+01
9.332082212175187408e+00 2.523732897117406537e+01
9.440220318295448720e+00 2.523991902948219845e+01
9.549611504889025326e+00 2.524250935360301540e+01
9.660270292375471968e+00 2.524509994356379039e+01
9.772211369433749795e+00 2.524769079939180116e+01
9.885449594952053332e+00 2.525028192111434677e+01
1.000000000000000000e+01 2.525287330875870495e+01
