9.999999999999999547e-07 1.000000000000000000e+01
1.011587778982400784e-06 1.000000000000000000e+01
1.023309834586544378e-06 1.000000000000000000e+01
1.035167722780250401e-06 1.000000000000000000e+01
1.047163017561543139e-06 1.000000000000000000e+01
1.059297311167588065e-06 1.000000000000000000e+01
1.071572214286049422e-06 1.000000000000000000e+01
1.083989356268877957e-06 1.000000000000000000e+01
1.096550385348594427e-06 1.000000000000000000e+01
1.109256968857080327e-06 1.000000000000000000e+01
1.122110793446883888e-06 1.000000000000000000e+01
1.135113565315110569e-06 1.000000000000000000e+01
1.148267010429906971e-06 1.000000000000000000e+01
1.161572874759550843e-06 1.000000000000000000e+01
1.175032924504214123e-06 1.000000000000000000e+01
1.188648946330412976e-06 1.000000000000000000e+01
1.202422747608153300e-06 1.000000000000000000e+01
1.216356156650845187e-06 1.000000000000000000e+01
1.230451022957997557e-06 1.000000000000000000e+01
1.244709217460703760e-06 1.000000000000000000e+01
1.259132632769992910e-06 1.000000000000000000e+01
1.273723183428060069e-06 1.000000000000000000e+01
1.288482806162384390e-06 1.000000000000000000e+01
1.303413460142814838e-06 1.000000000000000000e+01
1.318517127241636197e-06 1.000000000000000000e+01
1.333795812296622144e-06 1.000000000000000000e+01
1.349251543377164528e-06 1.000000000000000000e+01
1.364886372053482252e-06 1.000000000000000000e+01
1.380702373668926060e-06 1.000000000000000000e+01
1.396701647615477696e-06 1.000000000000000000e+01
1.412886317612400879e-06 1.000000000000000000e+01
1.429258531988148471e-06 1.000000000000000000e+01
1.445820463965537725e-06 1.000000000000000000e+01
1.462574311950202481e-06 1.000000000000000000e+01
1.479522299822415289e-06 1.000000000000000000e+01
1.496666677232290882e-06 1.000000000000000000e+01
1.514009719898382866e-06 1.000000000000000000e+01
1.531553729909768708e-06 1.000000000000000000e+01
1.549301036031634651e-06 1.000000000000000000e+01
1.567253994014373717e-06 1.000000000000000000e+01
1.585414986906293954e-06 1.000000000000000000e+01
1.603786425369949890e-06 1.000000000000000000e+01
1.622370748002111549e-06 1.000000000000000000e+01
1.641170421657468896e-06 1.000000000000000000e+01
1.660187941776089055e-06 1.000000000000000000e+01
1.679425832714637323e-06 1.000000000000000000e+01
1.698886648081465516e-06 1.000000000000000000e+01
1.718572971075585243e-06 1.000000000000000000e+01
1.738487414829536887e-06 1.000000000000000000e+01
1.758632622756263362e-06 1.000000000000000000e+01
1.779011268900002616e-06 1.000000000000000000e+01
1.799626058291216250e-06 1.000000000000000000e+01
1.820479727305660332e-06 1.000000000000000000e+01
1.841575044027619599e-06 1.000000000000000000e+01
1.862914808617316680e-06 1.000000000000000000e+01
1.884501853682611748e-06 1.000000000000000000e+01
1.906339044655010402e-06 1.000000000000000000e+01
1.928429280169993530e-06 1.000000000000000000e+01
1.950775492451789647e-06 1.000000000000000000e+01
1.973380647702605171e-06 1.000000000000000000e+01
1.996247746496329783e-06 1.000000000000000000e+01
2.019379824176840751e-06 1.000000000000000000e+01
2.042779951260921260e-06 1.000000000000000000e+01
2.066451233845812430e-06 1.000000000000000000e+01
2.090396814021522698e-06 1.000000000000000000e+01
2.114619870287919122e-06 1.000000000000000000e+01
2.139123617976608657e-06 1.000000000000000000e+01
2.163911309677750437e-06 1.000000000000000000e+01
2.188986235671813875e-06 1.000000000000000000e+01
2.214351724366296148e-06 1.000000000000000000e+01
2.240011142737546440e-06 1.000000000000000000e+01
2.265967896777704146e-06 1.000000000000000000e+01
2.292225431946779417e-06 1.000000000000000000e+01
2.318787233630012407e-06 1.000000000000000000e+01
2.345656827600529451e-06 1.000000000000000000e+01
2.372837780487319023e-06 1.000000000000000000e+01
2.400333700248696473e-06 1.000000000000000000e+01
2.428148236651186385e-06 1.000000000000000000e+01
2.456285081754006790e-06 1.000000000000000000e+01
2.484747970399135325e-06 1.000000000000000000e+01
2.513540680707089471e-06 1.000000000000000000e+01
2.542667034578391238e-06 1.000000000000000000e+01
2.572130898200922110e-06 1.000000000000000000e+01
2.601936182563078054e-06 1.000000000000000000e+01
2.632086843972925326e-06 1.000000000000000000e+01
2.662586884583368526e-06 1.000000000000000000e+01
2.693440352923359684e-06 1.000000000000000000e+01
2.724651344435309330e-06 1.000000000000000000e+01
2.756224002018727057e-06 1.000000000000000000e+01
2.788162516580108111e-06 1.000000000000000000e+01
2.820471127589247273e-06 1.000000000000000000e+01
2.853154123641993987e-06 1.000000000000000000e+01
2.886215843029483074e-06 1.000000000000000000e+01
2.919660674314006168e-06 1.000000000000000000e+01
2.953493056911564133e-06 1.000000000000000000e+01
2.987717481681110617e-06 1.000000000000000000e+01
3.022338491520680287e-06 1.000000000000000000e+01
3.057360681970424191e-06 1.000000000000000000e+01
3.092788701822579789e-06 1.000000000000000000e+01
3.128627253738559862e-06 1.000000000000000000e+01
3.164881094873197583e-06 1.000000000000000000e+01
3.201555037506166804e-06 1.000000000000000000e+01
3.238653949680773652e-06 1.000000000000000000e+01
3.276182755850153721e-06 1.000000000000000000e+01
3.314146437530898182e-06 1.000000000000000000e+01
3.352550033964309954e-06 1.000000000000000000e+01
3.391398642785328918e-06 1.000000000000000000e+01
3.430697420699139294e-06 1.000000000000000000e+01
3.470451584165686188e-06 1.000000000000000000e+01
3.510666410092120792e-06 1.000000000000000000e+01
3.551347236533206843e-06 1.000000000000000000e+01
3.592499463399906038e-06 1.000000000000000000e+01
3.634128553176177549e-06 1.000000000000000000e+01
3.676240031644014928e-06 1.000000000000000000e+01
3.718839488616952503e-06 1.000000000000000000e+01
3.761932578682070050e-06 1.000000000000000000e+01
3.805525021950530899e-06 1.000000000000000000e+01
3.849622604816881751e-06 1.000000000000000000e+01
3.894231180727153165e-06 1.000000000000000000e+01
3.939356670955793330e-06 1.000000000000000000e+01
3.985005065391667207e-06 1.000000000000000000e+01
4.031182423333173552e-06 1.000000000000000000e+01
4.077894874292488306e-06 1.000000000000000000e+01
4.125148618809254933e-06 1.000000000000000000e+01
4.172949929273572645e-06 1.000000000000000000e+01
4.221305150758619623e-06 1.000000000000000000e+01
4.270220701862872278e-06 1.000000000000000000e+01
4.319703075562131456e-06 1.000000000000000000e+01
4.369758840071333570e-06 1.000000000000000000e+01
4.420394639716471916e-06 1.000000000000000000e+01
4.471617195816495190e-06 1.000000000000000000e+01
4.523433307575519480e-06 1.000000000000000000e+01
4.575849852985325775e-06 1.000000000000000000e+01
4.628873789738370853e-06 1.000000000000000000e+01
4.682512156151277654e-06 1.000000000000000000e+01
4.736772072099163446e-06 1.000000000000000000e+01
4.791660739960656694e-06 1.000000000000000000e+01
4.847185445573968560e-06 1.000000000000000000e+01
4.903353559203979215e-06 1.000000000000000000e+01
4.960172536520603251e-06 1.000000000000000000e+01
5.017649919588368102e-06 1.000000000000000000e+01
5.075793337867618852e-06 1.000000000000000000e+01
5.134610509227171528e-06 1.000000000000000000e+01
5.194109240968797762e-06 1.000000000000000000e+01
5.254297430863589080e-06 1.000000000000000000e+01
5.315183068200233021e-06 1.000000000000000000e+01
5.376774234845525490e-06 1.000000000000000000e+01
5.439079106317182032e-06 1.000000000000000000e+01
5.502105952868979365e-06 1.000000000000000000e+01
5.565863140588565985e-06 1.000000000000000000e+01
5.630359132507996894e-06 1.000000000000000000e+01
5.695602489727041595e-06 1.000000000000000000e+01
5.761601872549598218e-06 1.000000000000000000e+01
5.828366041633290029e-06 1.000000000000000000e+01
5.895903859152266325e-06 1.000000000000000000e+01
5.964224289973594831e-06 1.000000000000000000e+01
6.033336402847274375e-06 1.000000000000000000e+01
6.103249371609941559e-06 1.000000000000000000e+01
6.173972476402622067e-06 1.000000000000000000e+01
6.245515104902601179e-06 1.000000000000000000e+01
6.317886753569458361e-06 1.000000000000000000e+01
6.391097028905645417e-06 1.000000000000000000e+01
6.465155648731682730e-06 1.000000000000000000e+01
6.540072443476004941e-06 1.000000000000000000e+01
6.615857357479881273e-06 1.000000000000000000e+01
6.692520450317448620e-06 1.000000000000000000e+01
6.770071898130924303e-06 1.000000000000000000e+01
6.848521994981414411e-06 1.000000000000000000e+01
6.927881154215369368e-06 1.000000000000000000e+01
7.008159909846756209e-06 1.000000000000000000e+01
7.089368917955367669e-06 1.000000000000000000e+01
7.171518958101336715e-06 1.000000000000000000e+01
7.254620934755912412e-06 1.000000000000000000e+01
7.338685878748946057e-06 1.000000000000000000e+01
7.423724948733154491e-06 1.000000000000000000e+01
7.509749432665193635e-06 1.000000000000000000e+01
7.596770749304127531e-06 1.000000000000000000e+01
7.684800449727032022e-06 1.000000000000000000e+01
7.773850218862322589e-06 1.000000000000000000e+01
7.863931877040770781e-06 1.000000000000000000e+01
7.955057381564575153e-06 1.000000000000000000e+01
8.047238828294444359e-06 1.000000000000000000e+01
8.140488453255315812e-06 1.000000000000000000e+01
8.234818634260422779e-06 1.000000000000000000e+01
8.330241892554389219e-06 1.000000000000000000e+01
8.426770894475227013e-06 1.000000000000000000e+01
8.524418453135733630e-06 1.000000000000000000e+01
8.623197530124153024e-06 1.000000000000000000e+01
8.723121237224814643e-06 1.000000000000000000e+01
8.824202838158462568e-06 1.000000000000000000e+01
8.926455750342898203e-06 1.000000000000000000e+01
9.029893546674053388e-06 1.000000000000000000e+01
9.134529957327519365e-06 1.000000000000000000e+01
9.240378871581129595e-06 1.000000000000000000e+01
9.347454339658659104e-06 1.000000000000000000e+01
9.455770574594706430e-06 1.000000000000000000e+01
9.565341954121378196e-06 1.000000000000000000e+01
9.676183022576822056e-06 1.000000000000000000e+01
9.788308492835701177e-06 1.000000000000000000e+01
9.901733248262218433e-06 1.000000000000000000e+01
1.001647234468576994e-05 1.000000000000000000e+01
1.013254101239931937e-05 1.000000000000000000e+01
1.024995465818109286e-05 1.000000000000000000e+01
1.036872886733972473e-05 1.000000000000000000e+01
1.048887940578289668e-05 1.000000000000000000e+01
1.061042222211014268e-05 1.000000000000000000e+01
1.073337344972990793e-05 1.000000000000000000e+01
1.085774940900094636e-05 1.000000000000000000e+01
1.098356660939872092e-05 1.000000000000000000e+01
1.111084175170690991e-05 1.000000000000000000e+01
1.123959173023411927e-05 1.000000000000000000e+01
1.136983363505647010e-05 1.000000000000000000e+01
1.150158475428616975e-05 1.000000000000000000e+01
1.163486257636618840e-05 1.000000000000000000e+01
1.176968479239170196e-05 1.000000000000000000e+01
1.190606929845846043e-05 1.000000000000000000e+01
1.204403419803812069e-05 1.000000000000000000e+01
1.218359780438146361e-05 1.000000000000000000e+01
1.232477864294909910e-05 1.000000000000000000e+01
1.246759545387060607e-05 1.000000000000000000e+01
1.261206719443201912e-05 1.000000000000000000e+01
1.275821304159228384e-05 1.000000000000000000e+01
1.290605239452861281e-05 1.000000000000000000e+01
1.305560487721169450e-05 1.000000000000000000e+01
1.320689034101037714e-05 1.000000000000000000e+01
1.335992886732680859e-05 1.000000000000000000e+01
1.351474077026196087e-05 1.000000000000000000e+01
1.367134659931219689e-05 1.000000000000000000e+01
1.382976714209679612e-05 1.000000000000000000e+01
1.399002342711748120e-05 1.000000000000000000e+01
1.415213672654952874e-05 1.000000000000000000e+01
1.431612855906550103e-05 1.000000000000000000e+01
1.448202069269155803e-05 1.000000000000000000e+01
1.464983514769702217e-05 1.000000000000000000e+01
1.481959419951711296e-05 1.000000000000000000e+01
1.499132038170998478e-05 1.000000000000000000e+01
1.516503648894760019e-05 1.000000000000000000e+01
1.534076558004156710e-05 1.000000000000000000e+01
1.551853098100387877e-05 1.000000000000000000e+01
1.569835628814329357e-05 1.000000000000000000e+01
1.588026537119724611e-05 1.000000000000000000e+01
1.606428237650055338e-05 1.000000000000000000e+01
1.625043173019031644e-05 1.000000000000000000e+01
1.643873814144835573e-05 1.000000000000000000e+01
1.662922660578098705e-05 1.000000000000000000e+01
1.682192240833703590e-05 1.000000000000000000e+01
1.701685112726390405e-05 1.000000000000000000e+01
1.721403863710305694e-05 1.000000000000000000e+01
1.741351111222431538e-05 1.000000000000000000e+01
1.761529503030035080e-05 1.000000000000000000e+01
1.781941717582121809e-05 1.000000000000000000e+01
1.802590464364983063e-05 1.000000000000000000e+01
1.823478484261823851e-05 1.000000000000000000e+01
1.844608549916612974e-05 1.000000000000000000e+01
1.865983466102093770e-05 1.000000000000000000e+01
1.887606070092095071e-05 1.000000000000000000e+01
1.909479232038160338e-05 1.000000000000000000e+01
1.931605855350502764e-05 1.000000000000000000e+01
1.953988877083411699e-05 1.000000000000000000e+01
1.976631268325123624e-05 1.000000000000000000e+01
1.999536034592177985e-05 1.000000000000000000e+01
2.022706216228374124e-05 1.000000000000000000e+01
2.046144888808356380e-05 1.000000000000000000e+01
2.069855163545832478e-05 1.000000000000000000e+01
2.093840187706582723e-05 1.000000000000000000e+01
2.118103145026195309e-05 1.000000000000000000e+01
2.142647256132686626e-05 1.000000000000000000e+01
2.167475778973995408e-05 1.000000000000000000e+01
2.192592009250453013e-05 1.000000000000000000e+01
2.217999280852220724e-05 1.000000000000000000e+01
2.243700966301860050e-05 1.000000000000000000e+01
2.269700477201965250e-05 1.000000000000000000e+01
2.296001264688031192e-05 1.000000000000000000e+01
2.322606819886544014e-05 1.000000000000000000e+01
2.349520674378406066e-05 1.000000000000000000e+01
2.376746400667679537e-05 1.000000000000000000e+01
2.404287612655833090e-05 1.000000000000000000e+01
2.432147966121412887e-05 1.000000000000000000e+01
2.460331159205323358e-05 1.000000000000000000e+01
2.488840932901703455e-05 1.000000000000000000e+01
2.517681071554520725e-05 1.000000000000000000e+01
2.546855403359863206e-05 1.000000000000000000e+01
2.576367800874130394e-05 1.000000000000000000e+01
2.606222181528033841e-05 1.000000000000000000e+01
2.636422508146611012e-05 1.000000000000000000e+01
2.666972789475235454e-05 1.000000000000000000e+01
2.697877080711751357e-05 1.000000000000000000e+01
2.729139484044718262e-05 1.000000000000000000e+01
2.760764149197971601e-05 1.000000000000000000e+01
2.792755273981413318e-05 1.000000000000000000e+01
2.825117104848244354e-05 1.000000000000000000e+01
2.857853937458619672e-05 1.000000000000000000e+01
2.890970117249874228e-05 1.000000000000000000e+01
2.924470040013284981e-05 1.000000000000000000e+01
2.958358152477611879e-05 1.000000000000000000e+01
2.992638952899305679e-05 1.000000000000000000e+01
3.027316991659626189e-05 1.000000000000000000e+01
3.062396871868638428e-05 1.000000000000000000e+01
3.097883249976247282e-05 1.000000000000000000e+01
3.133780836390247633e-05 1.000000000000000000e+01
3.170094396101620345e-05 1.000000000000000000e+01
3.206828749316993464e-05 1.000000000000000000e+01
3.243988772098480749e-05 1.000000000000000000e+01
3.281579397010947653e-05 1.000000000000000000e+01
3.319605613776710875e-05 1.000000000000000000e+01
3.358072469937884916e-05 1.000000000000000000e+01
3.396985071526410218e-05 1.000000000000000000e+01
3.436348583741773030e-05 1.000000000000000000e+01
3.476168231636651477e-05 1.000000000000000000e+01
3.516449300810500013e-05 1.000000000000000000e+01
3.557197138111110228e-05 1.000000000000000000e+01
3.598417152344362787e-05 1.000000000000000000e+01
3.640114814992209148e-05 1.000000000000000000e+01
3.682295660938902031e-05 1.000000000000000000e+01
3.724965289205707725e-05 1.000000000000000000e+01
3.768129363694138200e-05 1.000000000000000000e+01
3.811793613937712496e-05 1.000000000000000000e+01
3.855963835862548947e-05 1.000000000000000000e+01
3.900645892556654727e-05 1.000000000000000000e+01
3.945845715048210898e-05 1.000000000000000000e+01
3.991569303092834645e-05 1.000000000000000000e+01
4.037822725970009795e-05 1.000000000000000000e+01
4.084612123288657167e-05 1.000000000000000000e+01
4.131943705802160514e-05 1.000000000000000000e+01
4.179823756232717958e-05 1.000000000000000000e+01
4.228258630105331313e-05 1.000000000000000000e+01
4.277254756591411592e-05 1.000000000000000000e+01
4.326818639362215531e-05 1.000000000000000000e+01
4.376956857452067698e-05 1.000000000000000000e+01
4.427676066131726009e-05 1.000000000000000000e+01
4.478982997791725956e-05 1.000000000000000000e+01
4.530884462836067456e-05 1.000000000000000000e+01
4.583387350586196188e-05 1.000000000000000000e+01
4.636498630195520678e-05 1.000000000000000000e+01
4.690225351574421066e-05 1.000000000000000000e+01
4.744574646326118187e-05 1.000000000000000000e+01
4.799553728693247800e-05 1.000000000000000000e+01
4.855169896515502487e-05 1.000000000000000000e+01
4.911430532198319534e-05 1.000000000000000000e+01
4.968343103692849267e-05 1.000000000000000000e+01
5.025915165487166553e-05 1.000000000000000000e+01
5.084154359609128001e-05 1.000000000000000000e+01
5.143068416640687813e-05 1.000000000000000000e+01
5.202665156744086332e-05 1.000000000000000000e+01
5.262952490699863848e-05 1.000000000000000000e+01
5.323938420956969352e-05 1.000000000000000000e+01
5.385631042694919530e-05 1.000000000000000000e+01
5.448038544898424712e-05 1.000000000000000000e+01
5.511169211444308331e-05 1.000000000000000000e+01
5.575031422201137291e-05 1.000000000000000000e+01
5.639633654141532081e-05 1.000000000000000000e+01
5.704984482467433105e-05 1.000000000000000000e+01
5.771092581748279857e-05 1.000000000000000000e+01
5.837966727072552218e-05 1.000000000000000000e+01
5.905615795212478024e-05 1.000000000000000000e+01
5.974048765802363639e-05 1.000000000000000000e+01
6.043274722530565145e-05 1.000000000000000000e+01
6.113302854345179437e-05 1.000000000000000000e+01
6.184142456673798768e-05 1.000000000000000000e+01
6.255802932657414817e-05 1.000000000000000000e+01
6.328293794398503439e-05 1.000000000000000000e+01
6.401624664223679062e-05 1.000000000000000000e+01
6.475805275960989200e-05 1.000000000000000000e+01
6.550845476231889066e-05 1.000000000000000000e+01
6.626755225758310987e-05 1.000000000000000000e+01
6.703544600684867923e-05 1.000000000000000000e+01
6.781223793916269708e-05 1.000000000000000000e+01
6.859803116470355859e-05 1.000000000000000000e+01
6.939292998846797816e-05 1.000000000000000000e+01
7.019703992411541096e-05 1.000000000000000000e+01
7.101046770797483367e-05 1.000000000000000000e+01
7.183332131321174322e-05 1.000000000000000000e+01
7.266570996416102488e-05 1.000000000000000000e+01
7.350774415082480888e-05 1.000000000000000000e+01
7.435953564353943543e-05 1.000000000000000000e+01
7.522119750781056590e-05 1.000000000000000000e+01
7.609284411932259312e-05 1.000000000000000000e+01
7.697459117911958600e-05 1.000000000000000000e+01
7.786655572896388064e-05 1.000000000000000000e+01
7.876885616687173523e-05 1.000000000000000000e+01
7.968161226282996544e-05 1.000000000000000000e+01
8.060494517469282835e-05 1.000000000000000000e+01
8.153897746426570087e-05 1.000000000000000355e+01
8.248383311357257116e-05 1.000000000000013145e+01
8.343963754131388877e-05 1.000000000000409095e+01
8.440651761951408242e-05 1.000000000010353318e+01
8.538460169036313642e-05 1.000000000211901430e+01
8.637401958325120928e-05 1.000000003507156876e+01
8.737490263200347739e-05 1.000000046939816478e+01
8.838738369231192396e-05 1.000000508033780022e+01
8.941159715937109357e-05 1.000004446405425540e+01
9.044767898571716164e-05 1.000031469622692271e+01
9.149576669927477781e-05 1.000180111806258054e+01
9.255599942161110022e-05 1.000833618412627857e+01
9.362851788640394631e-05 1.003120220308608168e+01
9.471346445812134937e-05 1.009446036301948801e+01
9.581098315091952770e-05 1.023137493699149836e+01
9.692121964775871057e-05 1.045902755794360317e+01
9.804432131974165940e-05 1.073982274404999870e+01
9.918043724567411146e-05 1.097703920360506125e+01
1.003297182318548577e-04 1.108224929153582039e+01
1.014923168320920258e-04 1.106342760320872820e+01
1.026683873679541063e-04 1.102303206592916851e+01
1.038580859492533643e-04 1.104689396217225017e+01
1.050615704947683855e-04 1.111223172063542464e+01
1.062790007532056881e-04 1.113240289619255030e+01
1.075105383244041293e-04 1.108039231979219785e+01
1.087563466807861431e-04 1.102721414924916843e+01
1.100165911890564477e-04 1.104539775209470420e+01
1.112914391321522607e-04 1.111014808905485296e+01
1.125810597314488300e-04 1.113316098895865913e+01
1.138856241692213247e-04 1.108304950709885794e+01
1.152053056113669073e-04 1.102815809210490627e+01
1.165402792303912426e-04 1.104334242584733339e+01
1.178907222286602842e-04 1.110789638393866774e+01
1.192568138619214845e-04 1.113378390060360879e+01
1.206387354630986179e-04 1.108569743584896727e+01
1.220366704663613258e-04 1.102921983700857211e+01
1.234508044314734654e-04 1.104137015840543334e+01
1.248813250684248409e-04 1.110557962322747017e+01
1.263284222623470916e-04 1.113428234762442770e+01
1.277922880987184375e-04 1.108833124930564118e+01
1.292731168888615529e-04 1.103039704714410263e+01
1.307711051957355982e-04 1.103948548112585648e+01
1.322864518600280596e-04 1.110320312373393392e+01
1.338193580265479438e-04 1.113465518609263150e+01
1.353700271709262076e-04 1.109094490387085585e+01
1.369386651266244815e-04 1.103168702182961880e+01
1.385254801122566656e-04 1.103769271788604911e+01
1.401306827592283064e-04 1.110077233896670990e+01
1.417544861396951618e-04 1.113490156033704714e+01
1.433971057948455906e-04 1.109353240214521819e+01
1.450587597635120518e-04 1.103308680167227784e+01
1.467396686111127971e-04 1.103599598166385043e+01
1.484400554589289617e-04 1.109829284695712914e+01
1.501601460137222030e-04 1.113502090492359287e+01
1.519001685976942425e-04 1.109608780669213246e+01
1.536603541787935688e-04 1.103459317535429385e+01
1.554409364013746965e-04 1.103439916510607866e+01
1.572421516172112547e-04 1.109577033745613761e+01
1.590642389168684875e-04 1.113501294595378077e+01
1.609074401614407797e-04 1.109860525366397788e+01
1.627720000146554516e-04 1.103620268699623352e+01
1.646581659753484363e-04 1.103290593160206612e+01
1.665661884103180723e-04 1.109321059887484395e+01
1.684963205875577696e-04 1.113487770169363955e+01
1.704488187098739485e-04 1.110107896625995316e+01
1.724239419488951032e-04 1.103791164408118952e+01
1.744219524794732117e-04 1.103151970688309369e+01
1.764431155144839691e-04 1.109061950499926041e+01
1.784876993400318350e-04 1.113461548253173561e+01
1.805559753510611420e-04 1.110350326798483955e+01
1.826482180873810436e-04 1.103971612592221874e+01
1.847647052701067690e-04 1.103024367116728754e+01
1.869057178385249908e-04 1.108800300150957696e+01
1.890715399873847691e-04 1.113422689026650403e+01
1.912624592046205494e-04 1.110587259567803997e+01
1.934787663095139385e-04 1.104161199265312554e+01
1.957207554912961534e-04 1.102908075186771697e+01
1.979887243481975954e-04 1.108536709233528583e+01
2.002829739269517859e-04 1.113371281672421809e+01
2.026038087627552375e-04 1.110818151228256134e+01
2.049515369196904403e-04 1.104359489472153477e+01
2.073264700316189597e-04 1.102803361687969463e+01
2.097289233435467039e-04 1.108271782587648246e+01
2.121592157534683810e-04 1.113307444171097949e+01
2.146176698546988176e-04 1.111042471932553788e+01
2.171046119786929280e-04 1.104566028286394008e+01
2.196203722383616771e-04 1.102710466846399129e+01
2.221652845718921989e-04 1.108006128112429778e+01
2.247396867870734508e-04 1.113231323030347220e+01
2.273439206061358064e-04 1.111259706908042055e+01
2.299783317111119333e-04 1.104780341853812864e+01
2.326432697897215572e-04 1.102629603773844202e+01
2.353390885817876479e-04 1.107740355371119279e+01
2.380661459261928083e-04 1.113143092948449997e+01
2.408248038083772504e-04 1.111469357638413769e+01
2.436154284083887653e-04 1.105001938479072088e+01
2.464383901494877774e-04 1.102560957979190093e+01
2.492940637473184612e-04 1.107475074192378983e+01
2.521828282596468951e-04 1.113042956413141660e+01
2.551050671366762008e-04 1.111670943008119750e+01
2.580611682719462577e-04 1.105230309753409124e+01
2.610515240538217050e-04 1.102504686943110634e+01
2.640765314175759840e-04 1.107210893271049912e+01
2.671365918980816122e-04 1.112931143236639819e+01
2.702321116831083695e-04 1.111864000406860065e+01
2.733635016672393710e-04 1.105464931720669064e+01
2.765311775064142430e-04 1.102460919756988567e+01
2.797355596731015688e-04 1.106948418771508713e+01
2.829770735121113945e-04 1.112807910027922453e+01
2.862561492970560327e-04 1.112048086791625323e+01
2.895732222874634475e-04 1.105705266079033855e+01
2.929287327865518951e-04 1.102429756826919771e+01
2.963231261996768771e-04 1.106688252936910288e+01
2.997568530934527939e-04 1.112673539603484407e+01
3.032303692555593792e-04 1.112222779703862230e+01
3.067441357552442476e-04 1.105950761415749994e+01
3.102986190045235585e-04 1.102411269643556047e+01
3.138942908200918584e-04 1.106430992707509375e+01
3.175316284859522114e-04 1.112528340337945032e+01
3.212111148167688971e-04 1.112387678239392663e+01
3.249332382219561732e-04 1.106200854471900996e+01
3.286984927705076560e-04 1.102405500618151635e+01
3.325073782565801986e-04 1.106177228351143249e+01
3.363604002658349742e-04 1.112372645455956111e+01
3.402580702425469887e-04 1.112542403968884130e+01
3.442009055574954900e-04 1.106454971434479440e+01
3.481894295766379296e-04 1.102412462985386732e+01
3.522241717305798917e-04 1.105927542109156825e+01
3.563056675848526441e-04 1.112206812267095124e+01
3.604344589110027031e-04 1.112686601806713860e+01
3.646110937585042523e-04 1.106712529252608945e+01
3.688361265275088381e-04 1.102432140772950220e+01
3.731101180424343990e-04 1.105682506860670777e+01
3.774336356264071835e-04 1.112031221345433707e+01
3.818072531765696193e-04 1.112819940826289056e+01
3.862315512402572258e-04 1.106972936975129329e+01
3.907071170920587712e-04 1.102464488838231027e+01
3.952345448117720894e-04 1.105442684808512688e+01
3.998144353632607055e-04 1.111846275655759975e+01
4.044473966742231441e-04 1.112942115019881584e+01
4.091340437168909639e-04 1.107235597106249259e+01
4.138749985896582307e-04 1.102509432971760006e+01
4.186708905996561984e-04 1.105208626189570076e+01
4.235223563462894598e-04 1.111652399628366261e+01
4.284300398057354115e-04 1.113052844001281194e+01
4.333945924164254635e-04 1.107499906976333293e+01
4.384166731655142284e-04 1.102566870067384208e+01
4.434969486763551752e-04 1.104980868012705741e+01
4.486360932969858922e-04 1.111450038184616140e+01
4.538347891896386799e-04 1.113151873649620072e+01
4.590937264212921953e-04 1.107765260124583229e+01
4.644136030552688623e-04 1.102636668358645622e+01
4.697951252438932837e-04 1.104759932827031754e+01
4.752390073222282946e-04 1.111239655715470320e+01
4.807459719028938641e-04 1.113238976692902682e+01
4.863167499719835336e-04 1.108031047690481863e+01
4.919520809860978552e-04 1.102718667720898083e+01
4.976527129704968891e-04 1.104546327523397586e+01
5.034194026183906254e-04 1.111021735015364875e+01
5.092529153913842978e-04 1.113313953229880404e+01
5.151540256210828186e-04 1.108296659810778095e+01
5.211235166118734696e-04 1.102812680038415039e+01
5.271621807449027334e-04 1.104340542171814832e+01
5.332708195832551804e-04 1.110796776173845046e+01
5.394502439783490462e-04 1.113376631189091626e+01
5.457012741775718124e-04 1.108561487018852532e+01
5.520247399331560051e-04 1.102918489635709953e+01
5.584214806123180899e-04 1.104143048897516444e+01
5.648923453086780256e-04 1.110565295427556443e+01
5.714381929549644653e-04 1.113426866724000419e+01
5.780598924370291321e-04 1.108824921643217465e+01
5.847583227091791500e-04 1.103035853772046693e+01
5.915343729108519426e-04 1.103954300798203825e+01
5.983889424846359530e-04 1.110327823975206663e+01
6.053229412956598419e-04 1.113464544543319512e+01
6.123372897523700082e-04 1.109086359201943495e+01
6.194329189287028263e-04 1.103164503197988822e+01
6.266107706876713340e-04 1.103774730904943091e+01
6.338717978063913069e-04 1.110084906758193135e+01
6.412169641025487797e-04 1.113489578175761885e+01
6.486472445623344936e-04 1.109345199789828129e+01
6.561636254698654342e-04 1.103304142772767626e+01
6.637671045381010517e-04 1.103604751189123689e+01
6.714586910412759539e-04 1.109837101209765642e+01
6.792394059488736846e-04 1.113501910168615794e+01
6.871102820611464657e-04 1.109600849455117100e+01
6.950723641462054061e-04 1.103454452141013853e+01
7.031267090787056808e-04 1.103444751617734454e+01
7.112743859801325336e-04 1.109584975975529098e+01
7.195164763607123917e-04 1.113501512219679235e+01
7.278540742629754359e-04 1.109852721562613098e+01
7.362882864069747240e-04 1.103615086467322115e+01
7.448202323371885380e-04 1.103295099259124967e+01
7.534510445711315417e-04 1.109329109608278330e+01
7.621818687496800630e-04 1.113488385242254353e+01
7.710138637891444588e-04 1.110100238140036844e+01
7.799482020350991885e-04 1.103785677226964879e+01
7.889860694180019299e-04 1.103156137441289708e+01
7.981286656106109526e-04 1.109070089240130663e+01
8.073772041872242762e-04 1.113462559363049031e+01
8.167329127847736819e-04 1.110342831204568803e+01
8.261970332657760704e-04 1.103965833050941470e+01
8.357708218831742591e-04 1.103028184964611924e+01
8.454555494470950830e-04 1.108808509235021589e+01
8.552525014935322785e-04 1.113424093852995966e+01
8.651629784549837512e-04 1.110579944066502911e+01
8.751882958330747765e-04 1.104155140623450748e+01
8.853297843731724450e-04 1.102911535370877694e+01
8.955887902410244236e-04 1.108544969824660242e+01
9.059666752014521691e-04 1.113373076991138433e+01
9.164648167991070555e-04 1.110811032607016813e+01
9.270846085413206360e-04 1.104353165629667188e+01
9.378274600830820021e-04 1.102806456270178614e+01
9.486947974141511294e-04 1.108280075731048342e+01
9.596880630483387844e-04 1.113309625861905516e+01
9.708087162149902890e-04 1.111035566527159979e+01
9.820582330526779133e-04 1.104559453751772935e+01
9.934381068051382178e-04 1.102713188727354066e+01
1.004949848019489906e-03 1.108014434778785784e+01
1.016594984746737066e-03 1.113233886086248425e+01
1.028375062744598138e-03 1.111253030565129230e+01
1.040291645682693989e-03 1.104773531710820755e+01
1.052346315350101945e-03 1.102631946709236388e+01
1.064540671865322813e-03 1.107748656500277917e+01
1.076876333888673485e-03 1.113146031487231369e+01
1.089354938837152394e-03 1.111462925679085956e+01
1.101978143101784097e-03 1.104994908352149885e+01
1.114747622267482901e-03 1.102562916594081521e+01
1.127665071335474120e-03 1.107483350737087946e+01
1.140732204948282725e-03 1.113046263690881155e+01
1.153950757617329057e-03 1.111664770192770391e+01
1.167322483953171309e-03 1.105223075771831098e+01
1.180849158898407761e-03 1.102506256744240964e+01
1.194532577963275215e-03 1.107219126240643448e+01
1.208374557463989807e-03 1.112934811663184931e+01
1.222376934763838878e-03 1.111858100901284097e+01
1.236541568517065528e-03 1.105457510481537575e+01
1.250870338915591184e-03 1.102462097143065201e+01
1.265365147938585927e-03 1.106956589275477576e+01
1.280027919604929737e-03 1.112811931184320358e+01
1.294860600228612581e-03 1.112042474134511849e+01
1.309865158677080707e-03 1.105697674609251635e+01
1.325043586632576641e-03 1.102430539096919837e+01
1.340397898856521232e-03 1.106696342228269891e+01
1.355930133456944913e-03 1.112677904261325779e+01
1.371642352159019784e-03 1.112217466775699748e+01
1.387536640578737384e-03 1.105943017132924844e+01
1.403615108499745197e-03 1.102411655002872060e+01
1.419879890153398884e-03 1.106438982225779810e+01
1.436333144502050440e-03 1.112533038480540881e+01
1.452977055525635566e-03 1.112382677232905692e+01
1.469813832511565914e-03 1.106192975144428381e+01
1.486845710347983870e-03 1.102405488182749949e+01
1.504074949820425645e-03 1.106185099764959290e+01
1.521503837911910217e-03 1.112377666301349954e+01
1.539134688106506398e-03 1.112537726361025392e+01
1.556969840696429417e-03 1.106446975140744371e+01
1.575011663092683268e-03 1.102412052783784446e+01
1.593262550139303273e-03 1.105935277358283209e+01
1.611724924431252176e-03 1.112212144292802840e+01
1.630401236635988004e-03 1.112682258332322860e+01
1.649293965818757028e-03 1.106704434339548371e+01
1.668405619771670375e-03 1.102431333746191200e+01
1.687738735346579894e-03 1.105690088197464682e+01
1.707295878791810972e-03 1.112036852314915514e+01
1.727079646092812351e-03 1.112815941453439805e+01
1.747092663316738995e-03 1.106964762016123771e+01
1.767337586961025475e-03 1.102463286837703471e+01
1.787817104306017521e-03 1.105450094838614916e+01
1.808533933771671286e-03 1.111852192646504278e+01
1.829490825278387535e-03 1.112938468926997082e+01
1.850690560612041485e-03 1.107227360858524889e+01
1.872135953793227373e-03 1.102507838754968716e+01
1.893829851450789517e-03 1.105215847911816063e+01
1.915775133199672199e-03 1.111658589061566182e+01
1.937974712023167283e-03 1.113049559556056423e+01
1.960431534659573451e-03 1.107491628337922762e+01
1.983148581993335585e-03 1.102564887291618057e+01
2.006128869450733883e-03 1.104987884858114988e+01
2.029375447400142470e-03 1.111456485856342447e+01
2.052891401556923828e-03 1.113148958389809273e+01
2.076679853393034302e-03 1.107756958090969057e+01
2.100743960551357172e-03 1.102634301572597941e+01
2.125086917264837425e-03 1.104766728696814049e+01
2.149711954780491544e-03 1.111246346829280007e+01
2.174622341788312683e-03 1.113236437309006632e+01
2.199821384855144522e-03 1.108022741311008375e+01
2.225312428863602306e-03 1.102715922354228439e+01
2.251098857456063172e-03 1.104552886825869606e+01
2.277184093483796464e-03 1.111028654216266709e+01
2.303571599461323380e-03 1.113311795549786964e+01
2.330264878026016336e-03 1.108288368144950731e+01
2.357267472403030886e-03 1.102809562389311715e+01
2.384582966875636954e-03 1.104346849858168511e+01
2.412214987260989738e-03 1.110803907583554917e+01
2.440167201391402283e-03 1.113374860164692137e+01
2.468443319601226846e-03 1.108553229092602166e+01
2.497047095219346799e-03 1.102915006856445679e+01
2.525982325067394410e-03 1.104149090496328611e+01
2.555252849963723580e-03 1.110572622680948207e+01
2.584862555233250273e-03 1.113425486419819599e+01
2.614815371223177132e-03 1.108816716405240754e+01
2.645115273824692921e-03 1.103032013852580029e+01
2.675766285000743053e-03 1.103960062448627255e+01
2.706772473319891178e-03 1.110335330257873210e+01
2.738137954496365923e-03 1.113463558127178921e+01
2.769866891936389932e-03 1.109078225480218016e+01
2.801963497290818096e-03 1.103160314947639797e+01
2.834432031014176047e-03 1.103780199388484462e+01
2.867276802930202560e-03 1.110092574845046443e+01
2.900502172803922762e-03 1.113488987911504680e+01
2.934112550920344505e-03 1.109337156248404455e+01
2.968112398669894587e-03 1.103299615800018607e+01
3.002506229140604766e-03 1.103609913959958888e+01
3.037298607717164693e-03 1.109844913504569242e+01
3.072494152686941916e-03 1.113501717410911063e+01
3.108097535852996727e-03 1.109592914551293319e+01
3.144113483154202873e-03 1.103449596831487156e+01
3.180546775292576473e-03 1.103449596831487867e+01
3.217402248367854344e-03 1.109592914551294029e+01
3.254684794519417147e-03 1.113501717410911240e+01
3.292399362575685294e-03 1.109844913504568531e+01
3.330550958711009715e-03 1.103609913959958178e+01
3.369144647110172437e-03 1.103299615800018785e+01
3.408185550640620547e-03 1.109337156248404810e+01
3.447678851532452217e-03 1.113488987911504324e+01
3.487629792066307844e-03 1.110092574845044666e+01
3.528043675269204940e-03 1.103780199388482153e+01
3.568925865618477640e-03 1.103160314947637843e+01
3.610281789753838188e-03 1.109078225480216773e+01
3.652116937197688335e-03 1.113463558127178388e+01
3.694436861083813788e-03 1.110335330257872855e+01
3.737247178894487296e-03 1.103960062448626900e+01
3.780553573206113516e-03 1.103032013852579851e+01
3.824361792443547927e-03 1.108816716405241465e+01
3.868677651643121895e-03 1.113425486419820132e+01
3.913507033224511780e-03 1.110572622680948918e+01
3.958855887771584384e-03 1.104149090496330565e+01
4.004730234822256874e-03 1.102915006856448343e+01
4.051136163667511288e-03 1.108553229092603942e+01
4.098079834159697177e-03 1.113374860164692848e+01
4.145567477530173565e-03 1.110803907583554384e+01
4.193605397216418167e-03 1.104346849858167801e+01
4.242199969698759975e-03 1.102809562389311893e+01
4.291357645346776870e-03 1.108288368144952152e+01
4.341084949275486604e-03 1.113311795549786609e+01
4.391388482211513317e-03 1.111028654216264933e+01
4.442274921369240848e-03 1.104552886825867120e+01
4.493751021337124597e-03 1.102715922354226485e+01
4.545823614974311977e-03 1.108022741311006953e+01
4.598499614317607884e-03 1.113236437309005922e+01
4.651786011498976019e-03 1.111246346829279652e+01
4.705689879673644570e-03 1.104766728696813516e+01
4.760218373959018354e-03 1.102634301572597941e+01
4.815378732384418235e-03 1.107756958090969768e+01
4.871178276851837775e-03 1.113148958389809628e+01
4.927624414107863692e-03 1.111456485856343157e+01
4.984724636726827786e-03 1.104987884858116587e+01
5.042486524105341261e-03 1.102564887291620366e+01
5.100917743468403112e-03 1.107491628337924716e+01
5.160026050887121622e-03 1.113049559556057311e+01
5.219819292308225910e-03 1.111658589061566005e+01
5.280305404595560075e-03 1.105215847911815885e+01
5.341492416583590308e-03 1.102507838754968716e+01
5.403388450143124452e-03 1.107227360858525422e+01
5.466001721259434835e-03 1.112938468926997260e+01
5.529340541122811266e-03 1.111852192646503390e+01
5.593413317231765366e-03 1.105450094838614561e+01
5.658228554509058851e-03 1.102463286837703649e+01
5.723794856430618194e-03 1.106964762016125370e+01
5.790120926167532586e-03 1.112815941453439983e+01
5.857215567741330328e-03 1.112036852314914803e+01
5.925087687192593516e-03 1.105690088197463616e+01
5.993746293763120049e-03 1.102431333746191200e+01
6.063200501091824644e-03 1.106704434339548904e+01
6.133459528424451725e-03 1.112682258332323038e+01
6.204532701837334359e-03 1.112212144292801597e+01
6.276429455475297271e-03 1.105935277358280544e+01
6.349159332803968464e-03 1.102412052783782315e+01
6.422731987876548025e-03 1.106446975140743483e+01
6.497157186615250962e-03 1.112537726361024681e+01
6.572444808107658250e-03 1.112377666301349244e+01
6.648604845918037673e-03 1.106185099764959112e+01
6.725647409413847838e-03 1.102405488182749771e+01
6.803582725107684692e-03 1.106192975144428559e+01
6.882421138014712184e-03 1.112382677232906403e+01
6.962173113025823395e-03 1.112533038480541592e+01
7.042849236296772411e-03 1.106438982225780876e+01
7.124460216653349769e-03 1.102411655002874191e+01
7.207016887012828756e-03 1.105943017132927508e+01
7.290530205821955760e-03 1.112217466775700991e+01
7.375011258511537590e-03 1.112677904261325423e+01
7.460471258967879028e-03 1.106696342228269359e+01
7.546921551021344710e-03 1.102430539096919837e+01
7.634373609952097364e-03 1.105697674609252523e+01
7.722839044013287378e-03 1.112042474134512560e+01
7.812329595971960819e-03 1.112811931184320002e+01
7.902857144667752715e-03 1.106956589275476155e+01
7.994433706589641406e-03 1.102462097143065201e+01
8.087071437471048466e-03 1.105457510481538108e+01
8.180782633903340567e-03 1.111858100901284274e+01
8.275579734968075904e-03 1.112934811663183510e+01
8.371475323888112260e-03 1.107219126240641494e+01
8.468482129697941022e-03 1.102506256744238655e+01
8.566613028933290491e-03 1.105223075771829322e+01
8.665881047340315974e-03 1.111664770192769680e+01
8.766299361604662846e-03 1.113046263690881510e+01
8.867881301100498034e-03 1.107483350737089367e+01
8.970640349659806528e-03 1.102562916594083653e+01
9.074590147362261716e-03 1.104994908352152017e+01
9.179744492345766685e-03 1.111462925679087377e+01
9.286117342637971797e-03 1.113146031487231546e+01
9.393722818009089467e-03 1.107748656500277384e+01
9.502575201846113692e-03 1.102631946709236388e+01
9.612688943048739235e-03 1.104773531710821111e+01
9.724078657947346493e-03 1.111253030565129762e+01
9.836759132243119708e-03 1.113233886086247715e+01
9.950745322970655851e-03 1.108014434778785429e+01
1.006605236048338861e-02 1.102713188727353888e+01
1.018269555046194368e-02 1.104559453751774001e+01
1.030069037594575146e-02 1.111035566527160512e+01
1.042005249938835268e-02 1.113309625861905516e+01
1.054079776473627883e-02 1.108280075731046743e+01
1.066294219953220490e-02 1.102806456270178614e+01
1.078650201704249925e-02 1.104353165629667721e+01
1.091149361840920706e-02 1.110811032607017346e+01
1.103793359482718728e-02 1.113373076991137012e+01
1.116583872974646202e-02 1.108544969824657223e+01
1.129522600109989471e-02 1.102911535370873075e+01
1.142611258355688206e-02 1.104155140623446663e+01
1.155851585080316761e-02 1.110579944066501135e+01
1.169245337784685125e-02 1.113424093852996322e+01
1.182794294335134250e-02 1.108808509235024253e+01
1.196500253199534423e-02 1.103028184964615832e+01
1.210365033685997273e-02 1.103965833050946266e+01
1.224390476184374250e-02 1.110342831204570935e+01
1.238578442410555140e-02 1.113462559363050097e+01
1.252930815653574906e-02 1.109070089240129953e+01
1.267449501025605038e-02 1.103156137441289530e+01
1.282136425714843972e-02 1.103785677226965234e+01
1.296993539241312818e-02 1.110100238140038265e+01
1.312022813715640196e-02 1.113488385242254353e+01
1.327226244100844672e-02 1.109329109608277442e+01
1.342605848477127287e-02 1.103295099259124434e+01
1.358163668309756052e-02 1.103615086467322293e+01
1.373901768720056128e-02 1.109852721562613631e+01
1.389822238759513655e-02 1.113501512219678879e+01
1.405927191687081530e-02 1.109584975975528565e+01
1.422218765249698945e-02 1.103444751617733566e+01
1.438699121966035416e-02 1.103454452141014563e+01
1.455370449413548838e-02 1.109600849455117455e+01
1.472234960518870386e-02 1.113501910168615083e+01
1.489294893851526511e-02 1.109837101209762977e+01
1.506552513921093073e-02 1.103604751189121025e+01
1.524010111477791009e-02 1.103304142772766205e+01
1.541670003816539639e-02 1.109345199789827596e+01
1.559534535084559394e-02 1.113489578175761885e+01
1.577606076592540443e-02 1.110084906758194201e+01
1.595887027129387278e-02 1.103774730904944334e+01
1.614379813280639869e-02 1.103164503197991131e+01
1.633086889750585274e-02 1.109086359201945271e+01
1.652010739688071495e-02 1.113464544543320223e+01
1.671153875016126097e-02 1.110327823975206307e+01
1.690518836765395397e-02 1.103954300798203647e+01
1.710108195411414594e-02 1.103035853772046693e+01
1.729924551215834480e-02 1.108824921643218531e+01
1.749970534571552300e-02 1.113426866724000242e+01
1.770248806351877591e-02 1.110565295427556443e+01
1.790762058263742004e-02 1.104143048897516088e+01
1.811513013204971156e-02 1.102918489635710309e+01
1.832504425625729530e-02 1.108561487018852354e+01
1.853739081894151958e-02 1.113376631189091270e+01
1.875219800666179729e-02 1.110796776173842915e+01
1.896949433259717196e-02 1.104340542171813411e+01
1.918930864033121381e-02 1.102812680038413085e+01
1.941167010768044682e-02 1.108296659810777562e+01
1.963660825056748327e-02 1.113313953229879338e+01
1.986415292693904586e-02 1.111021735015363987e+01
2.009433434072902674e-02 1.104546327523395988e+01
2.032718304586781863e-02 1.102718667720897017e+01
2.056272995033813986e-02 1.108031047690480975e+01
2.080100632027745075e-02 1.113238976692903037e+01
2.104204378412830381e-02 1.111239655715472097e+01
2.128587433683678393e-02 1.104759932827033353e+01
2.153253034409920511e-02 1.102636668358647931e+01
2.178204454665842033e-02 1.107765260124584650e+01
2.203445006464990752e-02 1.113151873649620960e+01
2.228978040199781560e-02 1.111450038184615785e+01
2.254806945086236872e-02 1.104980868012706097e+01
2.280935149613878485e-02 1.102566870067384386e+01
2.307366122000793426e-02 1.107499906976334358e+01
2.334103370654012910e-02 1.113052844001281372e+01
2.361150444635228343e-02 1.111652399628366439e+01
2.388510934131858957e-02 1.105208626189569898e+01
2.416188470933621629e-02 1.102509432971761250e+01
2.444186728914625115e-02 1.107235597106250680e+01
2.472509424521004973e-02 1.112942115019881761e+01
2.501160317264252211e-02 1.111846275655758909e+01
2.530143210220262007e-02 1.105442684808510556e+01
2.559461950534116376e-02 1.102464488838229073e+01
2.589120429930764564e-02 1.106972936975127908e+01
2.619122585231620920e-02 1.112819940826289056e+01
2.649472398877098997e-02 1.112031221345434062e+01
2.680173899455252570e-02 1.105682506860672731e+01
2.711231162236539538e-02 1.102432140772953417e+01
2.742648309714734028e-02 1.106712529252612498e+01
2.774429512154157756e-02 1.112686601806715281e+01
2.806578988143250061e-02 1.112206812267094058e+01
2.839101005154504379e-02 1.105927542109153627e+01
2.871999880110940803e-02 1.102412462985384600e+01
2.905279979959147704e-02 1.106454971434478374e+01
2.938945722248908002e-02 1.112542403968884486e+01
2.973001575719594683e-02 1.112372645455956821e+01
3.007452060893362616e-02 1.106177228351145381e+01
3.042301750675160607e-02 1.102405500618154655e+01
3.077555270959748956e-02 1.106200854471904194e+01
3.113217301245753410e-02 1.112387678239393907e+01
3.149292575256768673e-02 1.112528340337943611e+01
3.185785881569760253e-02 1.106430992707505112e+01
3.222702064250643206e-02 1.102411269643551606e+01
3.260046023497299716e-02 1.105950761415746442e+01
3.297822716290041423e-02 1.112222779703860631e+01
3.336037157049550478e-02 1.112673539603482809e+01
3.374694418302510990e-02 1.106688252936908512e+01
3.413799631354941938e-02 1.102429756826917640e+01
3.453357986973284305e-02 1.105705266079032434e+01
3.493374736073431852e-02 1.112048086791623724e+01
3.533855190417753422e-02 1.112807910027922631e+01
3.574804723320124111e-02 1.106948418771508891e+01
3.616228770359192907e-02 1.102460919756989632e+01
3.658132830099913857e-02 1.105464931720669952e+01
3.700522464823376156e-02 1.111864000406861663e+01
3.743403301265151029e-02 1.112931143236641773e+01
3.786781031362201205e-02 1.107210893271052399e+01
3.830661413008373817e-02 1.102504686943114720e+01
3.875050270818718168e-02 1.105230309753413032e+01
3.919953496902657542e-02 1.111670943008122414e+01
3.965377051646054585e-02 1.113042956413142015e+01
4.011326964502404807e-02 1.107475074192380049e+01
4.057809334793203299e-02 1.102560957979190981e+01
4.104830332517509645e-02 1.105001938479074397e+01
4.152396199170969165e-02 1.111469357638414124e+01
4.200513248574323094e-02 1.113143092948448221e+01
4.249187867711448630e-02 1.107740355371114482e+01
4.298426517577179362e-02 1.102629603773839939e+01
4.348235734034953948e-02 1.104780341853809844e+01
4.398622128684328420e-02 1.111259706908040101e+01
4.449592389738610959e-02 1.113231323030345621e+01
4.501153282912673942e-02 1.108006128112428534e+01
4.553311652320973790e-02 1.102710466846396997e+01
4.606074421386049944e-02 1.104566028286392232e+01
4.659448593757561236e-02 1.111042471932552900e+01
4.713441254241881873e-02 1.113307444171099014e+01
4.768059569742557485e-02 1.108271782587651444e+01
4.823310790211655236e-02 1.102803361687974437e+01
4.879202249612056563e-02 1.104359489472159339e+01
4.935741366890983306e-02 1.110818151228259865e+01
4.992935646964809238e-02 1.113371281672422697e+01
5.050792681715187554e-02 1.108536709233527873e+01
5.109320150996820437e-02 1.102908075186771519e+01
5.168525823656897750e-02 1.104161199265313087e+01
5.228417558566265250e-02 1.110587259567805063e+01
5.289003305662623444e-02 1.113422689026650225e+01
5.350291107005829272e-02 1.108800300150956808e+01
5.412289097845317254e-02 1.103024367116727689e+01
5.475005507699994695e-02 1.103971612592222229e+01
5.538448661450649096e-02 1.110350326798484666e+01
5.602626980444901789e-02 1.113461548253172673e+01
5.667548983615132430e-02 1.109061950499923022e+01
5.733223288609194668e-02 1.103151970688305994e+01
5.799658612934339291e-02 1.103791164408116288e+01
5.866863775114399687e-02 1.110107896625993185e+01
5.934847695860278466e-02 1.113487770169362534e+01
6.003619399254105787e-02 1.109321059887483507e+01
6.073188013947116576e-02 1.103290593160204835e+01
6.143562774371300744e-02 1.103620268699621754e+01
6.214753021965208069e-02 1.109860525366396189e+01
6.286768206413947957e-02 1.113501294595379143e+01
6.359617886903456974e-02 1.109577033745616070e+01
6.433311733389404652e-02 1.103439916510612839e+01
6.507859527880806294e-02 1.103459317535435069e+01
6.583271165738399655e-02 1.109608780669217332e+01
6.659556656988174783e-02 1.113502090492360708e+01
6.736726127650129181e-02 1.109829284695713092e+01
6.814789821082303800e-02 1.103599598166384332e+01
6.893758099340506484e-02 1.103308680167227784e+01
6.973641444553799196e-02 1.109353240214522351e+01
7.054450460315798976e-02 1.113490156033704181e+01
7.136195873092220088e-02 1.110077233896669036e+01
7.218888533644732264e-02 1.103769271788601358e+01
7.302539418471194754e-02 1.103168702182959393e+01
7.387159631262693593e-02 1.109094490387083631e+01
7.472760404377479238e-02 1.113465518609262261e+01
7.559353100331842046e-02 1.110320312373392859e+01
7.646949213308397442e-02 1.103948548112585470e+01
7.735560370681858477e-02 1.103039704714410085e+01
7.825198334562338820e-02 1.108833124930564296e+01
7.915875003356681594e-02 1.113428234762442059e+01
8.007602413347889025e-02 1.110557962322745951e+01
8.100392740292704230e-02 1.104137015840540847e+01
8.194258301037843362e-02 1.102921983700855435e+01
8.289211555154972488e-02 1.108569743584895662e+01
8.385265106594470830e-02 1.113378390060361589e+01
8.482431705358507712e-02 1.110789638393868728e+01
8.580724249193510955e-02 1.104334242584737780e+01
8.680155785302091920e-02 1.102815809210496489e+01
8.780739512074962894e-02 1.108304950709889880e+01
8.882488780842920373e-02 1.113316098895867867e+01
8.985417097648983054e-02 1.111014808905484763e+01
9.089538125041206340e-02 1.104539775209469887e+01
9.194865683886289942e-02 1.102721414924917021e+01
9.301413755204025746e-02 1.108039231979220851e+01
9.409196482023172992e-02 1.113240289619254497e+01
9.518228171258839854e-02 1.111223172063539621e+01
9.628523295611447763e-02 1.104689396217220221e+01
9.740096495487871042e-02 1.102303206592912943e+01
9.852962580944840676e-02 1.106342760320870156e+01
9.967136533654674668e-02 1.108224929153580796e+01
1.008263350889407745e-01 1.097703920360506835e+01
1.019946883755569050e-01 1.073982274404997561e+01
1.031765802818314925e-01 1.045902755794364403e+01
1.043721676902972795e-01 1.023137493699147704e+01
1.055816093014065177e-01 1.009446036301948091e+01
1.068050656545971866e-01 1.003120220308608701e+01
1.080426991496034606e-01 1.000833618412628034e+01
1.092946740680110912e-01 1.000180111806257877e+01
1.105611565950645053e-01 1.000031469622692271e+01
1.118423148417267143e-01 1.000004446405425540e+01
1.131383188669927292e-01 1.000000508033780022e+01
1.144493407004636004e-01 1.000000046939816478e+01
1.157755543651820540e-01 1.000000003507156876e+01
1.171171359007307095e-01 1.000000000211901430e+01
1.184742633865999289e-01 1.000000000010353318e+01
1.198471169658265889e-01 1.000000000000409095e+01
1.212358788689045230e-01 1.000000000000013145e+01
1.226407334379742559e-01 1.000000000000000355e+01
1.240618671512930260e-01 1.000000000000000000e+01
1.254994686479861676e-01 1.000000000000000000e+01
1.269537287530875247e-01 1.000000000000000000e+01
1.284248405028699525e-01 1.000000000000000000e+01
1.299129991704672804e-01 1.000000000000000000e+01
1.314184022917952166e-01 1.000000000000000000e+01
1.329412496917727615e-01 1.000000000000000000e+01
1.344817435108451864e-01 1.000000000000000000e+01
1.360400882318164861e-01 1.000000000000000000e+01
1.376164907069930832e-01 1.000000000000000000e+01
1.392111601856393377e-01 1.000000000000000000e+01
1.408243083417538288e-01 1.000000000000000000e+01
1.424561493021675174e-01 1.000000000000000000e+01
1.441068996749649278e-01 1.000000000000000000e+01
1.457767785782371206e-01 1.000000000000000000e+01
1.474660076691681199e-01 1.000000000000000000e+01
1.491748111734554627e-01 1.000000000000000000e+01
1.509034159150745291e-01 1.000000000000000000e+01
1.526520513463877071e-01 1.000000000000000000e+01
1.544209495785997532e-01 1.000000000000000000e+01
1.562103454125687019e-01 1.000000000000000000e+01
1.580204763699740167e-01 1.000000000000000000e+01
1.598515827248429833e-01 1.000000000000000000e+01
1.617039075354450850e-01 1.000000000000000000e+01
1.635776966765563889e-01 1.000000000000000000e+01
1.654731988720945235e-01 1.000000000000000000e+01
1.673906657281348520e-01 1.000000000000000000e+01
1.693303517663094226e-01 1.000000000000000000e+01
1.712925144575895842e-01 1.000000000000000000e+01
1.732774142564634801e-01 1.000000000000000000e+01
1.752853146355092817e-01 1.000000000000000000e+01
1.773164821203661312e-01 1.000000000000000000e+01
1.793711863251133964e-01 1.000000000000000000e+01
1.814496999880598482e-01 1.000000000000000000e+01
1.835522990079440364e-01 1.000000000000000000e+01
1.856792624805596315e-01 1.000000000000000000e+01
1.878308727357995422e-01 1.000000000000000000e+01
1.900074153751330486e-01 1.000000000000000000e+01
1.922091793095173085e-01 1.000000000000000000e+01
1.944364567977446279e-01 1.000000000000000000e+01
1.966895434852376223e-01 1.000000000000000000e+01
1.989687384432938522e-01 1.000000000000000000e+01
2.012743442087818468e-01 1.000000000000000000e+01
2.036066668243004529e-01 1.000000000000000000e+01
2.059660158788037820e-01 1.000000000000000000e+01
2.083527045486930074e-01 1.000000000000000000e+01
2.107670496393882764e-01 1.000000000000000000e+01
2.132093716273822104e-01 1.000000000000000000e+01
2.156799947027768505e-01 1.000000000000000000e+01
2.181792468123175677e-01 1.000000000000000000e+01
2.207074597029253793e-01 1.000000000000000000e+01
2.232649689657300041e-01 1.000000000000000000e+01
2.258521140806169780e-01 1.000000000000000000e+01
2.284692384612911353e-01 1.000000000000000000e+01
2.311166895008580080e-01 1.000000000000000000e+01
2.337948186179376053e-01 1.000000000000000000e+01
2.365039813033127658e-01 1.000000000000000000e+01
2.392445371671133858e-01 1.000000000000000000e+01
2.420168499865521794e-01 1.000000000000000000e+01
2.448212877542131904e-01 1.000000000000000000e+01
2.476582227268957492e-01 1.000000000000000000e+01
2.505280314750287229e-01 1.000000000000000000e+01
2.534310949326573081e-01 1.000000000000000000e+01
2.563677984480047245e-01 1.000000000000000000e+01
2.593385318346243529e-01 1.000000000000000000e+01
2.623436894231442884e-01 1.000000000000000000e+01
2.653836701136073062e-01 1.000000000000000000e+01
2.684588774284215607e-01 1.000000000000000000e+01
2.715697195659255714e-01 1.000000000000000000e+01
2.747166094545680504e-01 1.000000000000000000e+01
2.778999648077215556e-01 1.000000000000000000e+01
2.811202081791303597e-01 1.000000000000000000e+01
2.843777670189966411e-01 1.000000000000000000e+01
2.876730737307208741e-01 1.000000000000000000e+01
2.910065657283003038e-01 1.000000000000000000e+01
2.943786854943873377e-01 1.000000000000000000e+01
2.977898806390253950e-01 1.000000000000000000e+01
3.012406039590659335e-01 1.000000000000000000e+01
3.047313134982684857e-01 1.000000000000000000e+01
3.082624726081024669e-01 1.000000000000000000e+01
3.118345500092535860e-01 1.000000000000000000e+01
3.154480198538371916e-01 1.000000000000000000e+01
3.191033617883387574e-01 1.000000000000000000e+01
3.228010610172831196e-01 1.000000000000000000e+01
3.265416083676351833e-01 1.000000000000000000e+01
3.303255003539570245e-01 1.000000000000000000e+01
3.341532392443096744e-01 1.000000000000000000e+01
3.380253331269252870e-01 1.000000000000000000e+01
3.419422959776525217e-01 1.000000000000000000e+01
3.459046477281762511e-01 1.000000000000000000e+01
3.499129143350347970e-01 1.000000000000000000e+01
3.539676278494369166e-01 1.000000000000000000e+01
3.580693264878809234e-01 1.000000000000000000e+01
3.622185547035988162e-01 1.000000000000000000e+01
3.664158632588288000e-01 1.000000000000000000e+01
3.706618092979176993e-01 1.000000000000000000e+01
3.749569564212779649e-01 1.000000000000000000e+01
3.793018747602014407e-01 1.000000000000000000e+01
3.836971410525328863e-01 1.000000000000000000e+01
3.881433387192279039e-01 1.000000000000000000e+01
3.926410579417974889e-01 1.000000000000000000e+01
3.971908957406430352e-01 1.000000000000000000e+01
4.017934560543066080e-01 1.000000000000000000e+01
4.064493498196388721e-01 1.000000000000000000e+01
4.111591950528893369e-01 1.000000000000000000e+01
4.159236169317431786e-01 1.000000000000000000e+01
4.207432478783089125e-01 1.000000000000000000e+01
4.256187276430602462e-01 1.000000000000000000e+01
4.305507033897577607e-01 1.000000000000000000e+01
4.355398297813555253e-01 1.000000000000000000e+01
4.405867690668943126e-01 1.000000000000000000e+01
4.456921911694106120e-01 1.000000000000000000e+01
4.508567737748636617e-01 1.000000000000000000e+01
4.560812024220850525e-01 1.000000000000000000e+01
4.613661705937788238e-01 1.000000000000000000e+01
4.667123798085761610e-01 1.000000000000000000e+01
4.721205397141482463e-01 1.000000000000000000e+01
4.775913681814065725e-01 1.000000000000000000e+01
4.831255913997951068e-01 1.000000000000000000e+01
4.887239439736776325e-01 1.000000000000000000e+01
4.943871690198508029e-01 1.000000000000000000e+01
5.001160182661876785e-01 1.000000000000000000e+01
5.059112521514145255e-01 1.000000000000000000e+01
5.117736399260537361e-01 1.000000000000000000e+01
5.177039597545356475e-01 1.000000000000000000e+01
5.237029988184849216e-01 1.000000000000000000e+01
5.297715534212128485e-01 1.000000000000000000e+01
5.359104290934210146e-01 1.000000000000000000e+01
5.421204407001191106e-01 1.000000000000000000e+01
5.484024125487927392e-01 1.000000000000000000e+01
5.547571784988235555e-01 1.000000000000000000e+01
5.611855820721681765e-01 1.000000000000000000e+01
5.676884765653291698e-01 1.000000000000000000e+01
5.742667251626240033e-01 1.000000000000000000e+01
5.809212010507543988e-01 1.000000000000000000e+01
5.876527875347213881e-01 1.000000000000000000e+01
5.944623781550655295e-01 1.000000000000000000e+01
6.013508768064774745e-01 1.000000000000000000e+01
6.083191978577838777e-01 1.000000000000000000e+01
6.153682662733112041e-01 1.000000000000000000e+01
6.224990177356681809e-01 1.000000000000000000e+01
6.297123987699507763e-01 1.000000000000000000e+01
6.370093668693743716e-01 1.000000000000000000e+01
6.443908906223744237e-01 1.000000000000000000e+01
6.518579498411788409e-01 1.000000000000000000e+01
6.594115356918593962e-01 1.000000000000000000e+01
6.670526508259007059e-01 1.000000000000000000e+01
6.747823095132958748e-01 1.000000000000000000e+01
6.826015377771699200e-01 1.000000000000000000e+01
6.905113735299772681e-01 1.000000000000000000e+01
6.985128667112765477e-01 1.000000000000000000e+01
7.066070794270900013e-01 1.000000000000000000e+01
7.147950860908893755e-01 1.000000000000000000e+01
7.230779735662168362e-01 1.000000000000000000e+01
7.314568413109443501e-01 1.000000000000000000e+01
7.399328015232190525e-01 1.000000000000000000e+01
7.485069792890987062e-01 1.000000000000000000e+01
7.571805127318852469e-01 1.000000000000000000e+01
7.659545531632017124e-01 1.000000000000000000e+01
7.748302652358204368e-01 1.000000000000000000e+01
7.838088270982480621e-01 1.000000000000000000e+01
7.928914305511157723e-01 1.000000000000000000e+01
8.020792812053816334e-01 1.000000000000000000e+01
8.113735986423524782e-01 1.000000000000000000e+01
8.207756165755736300e-01 1.000000000000000000e+01
8.302865830145950143e-01 1.000000000000000000e+01
8.399077604306209865e-01 1.000000000000000000e+01
8.496404259240925017e-01 1.000000000000000000e+01
8.594858713942137296e-01 1.000000000000000000e+01
8.694454037104260014e-01 1.000000000000000000e+01
8.795203448858848194e-01 1.000000000000000000e+01
8.897120322529473713e-01 1.000000000000000000e+01
9.000218186406772070e-01 1.000000000000000000e+01
9.104510725544219252e-01 1.000000000000000000e+01
9.210011783574723054e-01 1.000000000000000000e+01
9.316735364548093257e-01 1.000000000000000000e+01
9.424695634789974630e-01 1.000000000000000000e+01
9.533906924782318271e-01 1.000000000000000000e+01
9.644383731065476750e-01 1.000000000000000000e+01
9.756140718162504832e-01 1.000000000000000000e+01
9.869192720525773455e-01 1.000000000000000000e+01
9.983554744505944711e-01 1.000000000000000000e+01
1.009924197034395732e+00 1.000000000000000000e+01
1.021626975418608918e+00 1.000000000000000000e+01
1.033465363012218363e+00 1.000000000000000000e+01
1.045440931224768333e+00 1.000000000000000000e+01
1.057555269674956167e+00 1.000000000000000000e+01
1.069809986401620838e+00 1.000000000000000000e+01
1.082206708077207979e+00 1.000000000000000000e+01
1.094747080223678060e+00 1.000000000000000000e+01
1.107432767430936327e+00 1.000000000000000000e+01
1.120265453577794501e+00 1.000000000000000000e+01
1.133246842055473103e+00 1.000000000000000000e+01
1.146378655993713247e+00 1.000000000000000000e+01
1.159662638489509900e+00 1.000000000000000000e+01
1.173100552838474142e+00 1.000000000000000000e+01
1.186694182768896155e+00 1.000000000000000000e+01
1.200445332678522714e+00 1.000000000000000000e+01
1.214355827874056049e+00 1.000000000000000000e+01
1.228427514813448473e+00 1.000000000000000000e+01
1.242662261351006547e+00 1.000000000000000000e+01
1.257061956985312534e+00 1.000000000000000000e+01
1.271628513110039771e+00 1.000000000000000000e+01
1.286363863267677932e+00 1.000000000000000000e+01
1.301269963406171071e+00 1.000000000000000000e+01
1.316348792138555712e+00 1.000000000000000000e+01
1.331602351005607643e+00 1.000000000000000000e+01
1.347032664741505847e+00 1.000000000000000000e+01
1.362641781542601960e+00 1.000000000000000000e+01
1.378431773339302557e+00 1.000000000000000000e+01
1.394404736071077178e+00 1.000000000000000000e+01
1.410562789964678876e+00 1.000000000000000000e+01
1.426908079815588204e+00 1.000000000000000000e+01
1.443442775272693046e+00 1.000000000000000000e+01
1.460169071126293128e+00 1.000000000000000000e+01
1.477089187599442077e+00 1.000000000000000000e+01
1.494205370642638364e+00 1.000000000000000000e+01
1.511519892231958595e+00 1.000000000000000000e+01
1.529035050670644713e+00 1.000000000000000000e+01
1.546753170894160201e+00 1.000000000000000000e+01
1.564676604778806102e+00 1.000000000000000000e+01
1.582807731453916178e+00 1.000000000000000000e+01
1.601148957617639201e+00 1.000000000000000000e+01
1.619702717856410512e+00 1.000000000000000000e+01
1.638471474968124397e+00 1.000000000000000000e+01
1.657457720289023273e+00 1.000000000000000000e+01
1.676663974024402926e+00 1.000000000000000000e+01
1.696092785583151574e+00 1.000000000000000000e+01
1.715746733916133637e+00 1.000000000000000000e+01
1.735628427858526113e+00 1.000000000000000000e+01
1.755740506476122453e+00 1.000000000000000000e+01
1.776085639415616146e+00 1.000000000000000000e+01
1.796666527258976798e+00 1.000000000000000000e+01
1.817485901881931376e+00 1.000000000000000000e+01
1.838546526816568383e+00 1.000000000000000000e+01
1.859851197618175744e+00 1.000000000000000000e+01
1.881402742236328418e+00 1.000000000000000000e+01
1.903204021390241918e+00 1.000000000000000000e+01
1.925257928948528319e+00 1.000000000000000000e+01
1.947567392313298562e+00 1.000000000000000000e+01
1.970135372808751839e+00 1.000000000000000000e+01
1.992964866074269370e+00 1.000000000000000000e+01
2.016058902462027902e+00 1.000000000000000000e+01
2.039420547439255493e+00 1.000000000000000000e+01
2.063052901995148236e+00 1.000000000000000000e+01
2.086959103052468567e+00 1.000000000000000000e+01
2.111142323883945515e+00 1.000000000000000000e+01
2.135605774533504864e+00 1.000000000000000000e+01
2.160352702242337664e+00 1.000000000000000000e+01
2.185386391879949652e+00 1.000000000000000000e+01
2.210710166380200903e+00 1.000000000000000000e+01
2.236327387182361459e+00 1.000000000000000000e+01
2.262241454677315744e+00 1.000000000000000000e+01
2.288455808658941049e+00 1.000000000000000000e+01
2.314973928780672097e+00 1.000000000000000000e+01
2.341799335017397787e+00 1.000000000000000000e+01
2.368935588132712766e+00 1.000000000000000000e+01
2.396386290151538034e+00 1.000000000000000000e+01
2.424155084838264695e+00 1.000000000000000000e+01
2.452245658180433274e+00 1.000000000000000000e+01
2.480661738877980138e+00 1.000000000000000000e+01
2.509407098838191352e+00 1.000000000000000000e+01
2.538485553676395501e+00 1.000000000000000000e+01
2.567900963222415012e+00 1.000000000000000000e+01
2.597657232032925201e+00 1.000000000000000000e+01
2.627758309909757894e+00 1.000000000000000000e+01
2.658208192424158955e+00 1.000000000000000000e+01
2.689010921447171576e+00 1.000000000000000000e+01
2.720170585686163545e+00 1.000000000000000000e+01
2.751691321227522469e+00 1.000000000000000000e+01
2.783577312085691702e+00 1.000000000000000000e+01
2.815832790758566073e+00 1.000000000000000000e+01
2.848462038789273176e+00 1.000000000000000000e+01
2.881469387334516075e+00 1.000000000000000000e+01
2.914859217739502295e+00 1.000000000000000000e+01
2.948635962119481313e+00 1.000000000000000000e+01
2.982804103948074381e+00 1.000000000000000000e+01
3.017368178652422461e+00 1.000000000000000000e+01
3.052332774215176237e+00 1.000000000000000000e+01
3.087702531783513393e+00 1.000000000000000000e+01
3.123482146285220029e+00 1.000000000000000000e+01
3.159676367051848178e+00 1.000000000000000000e+01
3.196289998449153291e+00 1.000000000000000000e+01
3.233327900514840536e+00 1.000000000000000000e+01
3.270794989603636349e+00 1.000000000000000000e+01
3.308696239039900178e+00 1.000000000000000000e+01
3.347036679777795509e+00 1.000000000000000000e+01
3.385821401069049053e+00 1.000000000000000000e+01
3.425055551138512566e+00 1.000000000000000000e+01
3.464744337867550872e+00 1.000000000000000000e+01
3.504893029485277367e+00 1.000000000000000000e+01
3.545506955267909710e+00 1.000000000000000000e+01
3.586591506246119110e+00 1.000000000000000000e+01
3.628152135920647670e+00 1.000000000000000000e+01
3.670194360986221316e+00 1.000000000000000000e+01
3.712723762063783628e+00 1.000000000000000000e+01
3.755745984441278384e+00 1.000000000000000000e+01
3.799266738823023459e+00 1.000000000000000000e+01
3.843291802087691167e+00 1.000000000000000000e+01
3.887827018055148187e+00 1.000000000000000000e+01
3.932878298262177275e+00 1.000000000000000000e+01
3.978451622747120275e+00 1.000000000000000000e+01
4.024553040843679597e+00 1.000000000000000000e+01
4.071188671983924756e+00 1.000000000000000000e+01
4.118364706510527995e+00 1.000000000000000000e+01
4.166087406498483858e+00 1.000000000000000000e+01
4.214363106586350938e+00 1.000000000000000000e+01
4.263198214817058407e+00 1.000000000000000000e+01
4.312599213488514494e+00 1.000000000000000000e+01
4.362572660014095050e+00 1.000000000000000000e+01
4.413125187793002446e+00 1.000000000000000000e+01
4.464263507090804772e+00 1.000000000000000000e+01
4.515994405930170430e+00 1.000000000000000000e+01
4.568324750991847871e+00 1.000000000000000000e+01
4.621261488526163141e+00 1.000000000000000000e+01
4.674811645275084970e+00 1.000000000000000000e+01
4.728982329404885832e+00 1.000000000000000000e+01
4.783780731449698287e+00 1.000000000000000000e+01
4.839214125266004807e+00 1.000000000000000000e+01
4.895289868998099259e+00 1.000000000000000000e+01
4.952015406054824709e+00 1.000000000000000000e+01
5.009398266097631947e+00 1.000000000000000000e+01
5.067446066039993369e+00 1.000000000000000000e+01
5.126166511058490194e+00 1.000000000000000000e+01
5.185567395615620967e+00 1.000000000000000000e+01
5.245656604494358000e+00 1.000000000000000000e+01
5.306442113844799024e+00 1.000000000000000000e+01
5.367931992242936268e+00 1.000000000000000000e+01
5.430134401761606000e+00 1.000000000000000000e+01
5.493057599053939200e+00 1.000000000000000000e+01
5.556709936449372833e+00 1.000000000000000000e+01
5.621099863062259061e+00 1.000000000000000000e+01
5.686235925913416089e+00 1.000000000000000000e+01
5.752126771064688171e+00 1.000000000000000000e+01
5.818781144766536073e+00 1.000000000000000000e+01
5.886207894619039926e+00 1.000000000000000000e+01
5.954415970746347320e+00 1.000000000000000000e+01
6.023414426984634140e+00 1.000000000000000000e+01
6.093212422083923663e+00 1.000000000000000000e+01
6.163819220923850928e+00 1.000000000000000000e+01
6.235244195743377738e+00 1.000000000000000000e+01
6.307496827384949434e+00 1.000000000000000000e+01
6.380586706552880294e+00 1.000000000000000000e+01
6.454523535086446273e+00 1.000000000000000000e+01
6.529317127247732166e+00 1.000000000000000000e+01
6.604977411024282929e+00 1.000000000000000000e+01
6.681514429446968606e+00 1.000000000000000000e+01
6.758938341923121484e+00 1.000000000000000000e+01
6.837259425585001438e+00 1.000000000000000000e+01
6.916488076654002448e+00 1.000000000000000000e+01
6.996634811820679367e+00 1.000000000000000000e+01
7.077710269640628660e+00 1.000000000000000000e+01
7.159725211946677881e+00 1.000000000000000000e+01
7.242690525277438951e+00 1.000000000000000000e+01
7.326617222322282075e+00 1.000000000000000000e+01
7.411516443383188602e+00 1.000000000000000000e+01
7.497399457853542337e+00 1.000000000000000000e+01
7.584277665713920591e+00 1.000000000000000000e+01
7.672162599045356579e+00 1.000000000000000000e+01
7.761065923560135360e+00 1.000000000000000000e+01
7.850999440150192576e+00 1.000000000000000000e+01
7.941975086453589405e+00 1.000000000000000000e+01
8.034004938439146315e+00 1.000000000000000000e+01
8.127101212009295139e+00 1.000000000000000000e+01
8.221276264621645069e+00 1.000000000000000000e+01
8.316542596929338060e+00 1.000000000000000000e+01
8.412912854440275368e+00 1.000000000000000000e+01
8.510399829195710808e+00 1.000000000000000000e+01
8.609016461468291581e+00 1.000000000000000000e+01
8.708775841479637236e+00 1.000000000000000000e+01
8.809691211137955946e+00 1.000000000000000000e+01
8.911775965795822430e+00 1.000000000000000000e+01
9.015043656028135288e+00 1.000000000000000000e+01
9.119507989430864825e+00 1.000000000000000000e+01
9.225182832440628644e+00 1.000000000000000000e+01
9.332082212175187408e+00 1.000000000000000000e+01
9.440220318295448720e+00 1.000000000000000000e+01
9.549611504889025326e+00 1.000000000000000000e+01
9.660270292375471968e+00 1.000000000000000000e+01
9.772211369433749795e+00 1.000000000000000000e+01
9.885449594952053332e+00 1.000000000000000000e+01
1.000000000000000000e+01 1.000000000000000000e+01
